SH076803.07FU_JF430072_reps	k__Fungi;p__Basidiomycota;c__Agaricomycetes;o__Russulales;f__Hericiaceae;g__Hericium
SH119953.07FU_UDB013693_reps	k__Fungi;p__Ascomycota;c__Pezizomycetes;o__Pezizales;f__Helvellaceae;g__Balsamia
SH077864.07FU_JX669806_reps	k__Fungi;p__Ascomycota;c__Pezizomycetes;o__Pezizales;f__Sarcosomataceae;g__Plectania
SH551364.07FU_LM652458_reps	k__Fungi;p__Ascomycota;c__Sordariomycetes;o__Microascales;f__Microascaceae;g__Scopulariopsis
SH079108.07FU_AF444477_refs	k__Fungi;p__Basidiomycota;c__Tremellomycetes;o__Tremellales;f__Tremellales_fam_Incertae_sedis;g__Kockovaella
SH127172.07FU_FM205615_reps	k__Fungi;p__Ascomycota;c__Pezizomycetes;o__Pezizales;f__Tuberaceae;g__Tuber
SH100407.07FU_AF444570_refs	k__Fungi;p__Basidiomycota;c__Microbotryomycetes;o__Microbotryomycetes_ord_Incertae_sedis;f__Microbotryomycetes_fam_Incertae_sedis;g__Slooffia
SH083938.07FU_FJ596885_refs	k__Fungi;p__Basidiomycota;c__Agaricomycetes;o__Agaricales;f__Tricholomataceae;g__Tricholoma
SH135463.07FU_UDB002419_reps	k__Fungi;p__Basidiomycota;c__Agaricomycetes;o__Agaricales;f__Cortinariaceae;g__Cortinarius
SH089003.07FU_UDB015313_refs	k__Fungi;p__Basidiomycota;c__Agaricomycetes;o__Thelephorales;f__Bankeraceae;g__Hydnellum
SH105170.07FU_UDB018299_reps	k__Fungi;p__Basidiomycota;c__Agaricomycetes;o__Agaricales;f__Cortinariaceae;g__Cortinarius
SH097616.07FU_EU819415_reps	k__Fungi;p__Basidiomycota;c__Agaricomycetes;o__Cantharellales;f__Clavulinaceae;g__Clavulina
SH114498.07FU_GU187509_reps	k__Fungi;p__Basidiomycota;c__Agaricomycetes;o__Agaricales;f__Pterulaceae;g__Aphanobasidium
SH106396.07FU_EU693449_reps	k__Fungi;p__Basidiomycota;c__Agaricomycetes;o__Corticiales;f__Corticiaceae;g__Waitea
SH086569.07FU_EU784411_refs	k__Fungi;p__Basidiomycota;c__Agaricomycetes;o__Boletales;f__Sclerodermataceae;g__Scleroderma
SH123000.07FU_GU207235_reps	k__Fungi;p__Ascomycota;c__Lecanoromycetes;o__Lecanorales;f__Cladoniaceae;g__Cladonia
SH088533.07FU_JQ003645_refs	k__Fungi;p__Basidiomycota;c__Agaricomycetes;o__Boletales;f__Boletaceae;g__Phylloporus
SH479381.07FU_FJ008051_refs	k__Fungi;p__Ascomycota;c__Saccharomycetes;o__Saccharomycetales;f__Saccharomycetales_fam_Incertae_sedis;g__Candida
SH084194.07FU_GU827334_reps	k__Fungi;p__Ascomycota;c__Lecanoromycetes;o__Lecanorales;f__Ramalinaceae;g__Niebla
SH128115.07FU_EF200023_reps	k__Fungi;p__Basidiomycota;c__Ustilaginomycetes;o__Urocystidales;f__Glomosporiaceae;g__Thecaphora
SH085167.07FU_AY646400_reps	k__Fungi;p__Ascomycota;c__Sordariomycetes;o__Hypocreales;f__Ophiocordycipitaceae;g__Ophiocordyceps
SH102459.07FU_JX256822_reps	k__Fungi;p__Ascomycota;c__Sordariomycetes;o__Xylariales;f__Xylariaceae;g__Xylaria
SH082316.07FU_AB096060_reps	k__Fungi;p__Basidiomycota;c__Agaricomycetes;o__Agaricales;f__Amanitaceae;g__Amanita
SH109172.07FU_JN899387_refs	k__Fungi;p__Ascomycota;c__Eurotiomycetes;o__Eurotiales;f__Trichocomaceae;g__Talaromyces
SH107553.07FU_KJ706332_reps	k__Fungi;p__Basidiomycota;c__Microbotryomycetes;o__Microbotryomycetes_ord_Incertae_sedis;f__Microbotryomycetes_fam_Incertae_sedis;g__Pseudohyphozyma
SH124661.07FU_KF291108_refs	k__Fungi;p__Basidiomycota;c__Agaricomycetes;o__Agaricales;f__Hygrophoraceae;g__Hygrocybe
SH096776.07FU_JQ617570_reps	k__Fungi;p__Basidiomycota;c__Agaricomycetes;o__Agaricales;f__Agaricaceae;g__Leucoagaricus
SH536615.07FU_KU057408_reps	k__Fungi;p__Basidiomycota;c__Agaricomycetes;o__Agaricales;f__Amanitaceae;g__Amanita
SH125625.07FU_EU118663_reps	k__Fungi;p__Basidiomycota;c__Agaricomycetes;o__Polyporales;f__Meruliaceae;g__Podoscypha
SH087450.07FU_HQ026237_reps	k__Fungi;p__Ascomycota;c__Lecanoromycetes;o__Lecanorales;f__Parmeliaceae;g__Parmelia
SH112775.07FU_AB524789_refs	k__Fungi;p__Ascomycota;c__Dothideomycetes;o__Pleosporales;f__Tetraplosphaeriaceae;g__Polyplosphaeria
SH108097.07FU_DQ005440_reps	k__Fungi;p__Ascomycota;c__Leotiomycetes;o__Erysiphales;f__Erysiphaceae;g__Erysiphe
SH082772.07FU_JN086319_refs	k__Fungi;p__Ascomycota;c__Lecanoromycetes;o__Lecanorales;f__Parmeliaceae;g__Usnea
SH124588.07FU_KJ569513_refs	k__Fungi;p__Ascomycota;c__Sordariomycetes;o__Xylariales;f__Xylariales_fam_Incertae_sedis;g__Microdochium
SH124471.07FU_KC254073_refs	k__Fungi;p__Basidiomycota;c__Microbotryomycetes;o__Sporidiobolales;f__Sporidiobolales_fam_Incertae_sedis;g__Rhodotorula
SH093805.07FU_KC456226_reps	k__Fungi;p__Basidiomycota;c__Exobasidiomycetes;o__Entylomatales;f__Entylomataceae;g__Entyloma
SH536278.07FU_KM371450_reps	k__Fungi;p__Ascomycota;c__Eurotiomycetes;o__Verrucariales;f__Verrucariaceae;g__Bagliettoa
SH122660.07FU_EU673340_refs	k__Fungi;p__Ascomycota;c__Dothideomycetes;o__Botryosphaeriales;f__Botryosphaeriaceae;g__Neodeightonia
SH121197.07FU_KJ782417_refs	k__Fungi;p__Ascomycota;c__Saccharomycetes;o__Saccharomycetales;f__Saccharomycetaceae;g__Zygosaccharomyces
SH107800.07FU_KC414241_reps	k__Fungi;p__Basidiomycota;c__Agaricomycetes;o__Gloeophyllales;f__Gloeophyllaceae;g__Veluticeps
SH080865.07FU_UDB016389_refs	k__Fungi;p__Basidiomycota;c__Agaricomycetes;o__Thelephorales;f__Thelephoraceae;g__Tomentella
SH095370.07FU_UDB002982_reps	k__Fungi;p__Basidiomycota;c__Agaricomycetes;o__Thelephorales;f__Thelephoraceae;g__Tomentella
SH131783.07FU_JX649093_reps	k__Fungi;p__Basidiomycota;c__Agaricomycetes;o__Cantharellales;f__Tulasnellaceae;g__Tulasnella
SH109058.07FU_FJ372395_refs	k__Fungi;p__Ascomycota;c__Dothideomycetes;o__Capnodiales;f__Teratosphaeriaceae;g__Teratosphaeria
SH550041.07FU_KP257159_reps	k__Fungi;p__Basidiomycota;c__Agaricomycetes;o__Agaricales;f__Agaricales_fam_Incertae_sedis;g__Camarophyllopsis
SH538304.07FU_KP764720_reps	k__Fungi;p__Basidiomycota;c__Agaricomycetes;o__Agaricales;f__Agaricaceae;g__Lepiota
SH551678.07FU_KP068748_reps	k__Fungi;p__Ascomycota;c__Saccharomycetes;o__Saccharomycetales;f__Saccharomycetales_fam_Incertae_sedis;g__Candida
SH088621.07FU_FJ719376_reps	k__Fungi;p__Zygomycota;c__Mucoromycotina_cls_Incertae_sedis;o__Mucorales;f__Lichtheimiaceae;g__Lichtheimia
SH100682.07FU_AF416460_refs	k__Fungi;p__Ascomycota;c__Lecanoromycetes;o__Lecanorales;f__Parmeliaceae;g__Allocetraria
SH100501.07FU_AJ315838_reps	k__Fungi;p__Ascomycota;c__Eurotiomycetes;o__Onygenales;f__Gymnoascaceae;g__Gymnascella
SH121072.07FU_JN943326_reps	k__Fungi;p__Ascomycota;c__Sordariomycetes;o__Hypocreales;f__Ophiocordycipitaceae;g__Ophiocordyceps
SH120943.07FU_KF261356_reps	k__Fungi;p__Basidiomycota;c__Agaricomycetes;o__Boletales;f__Paxillaceae;g__Paxillus
SH545347.07FU_KR425536_refs	k__Fungi;p__Basidiomycota;c__Agaricomycetes;o__Agaricales;f__Bolbitiaceae;g__Bolbitius
SH127378.07FU_KF717581_refs	k__Fungi;p__Ascomycota;c__Pezizomycetes;o__Pezizales;f__Pyronemataceae;g__Otidea
SH088230.07FU_UDB011403_refs	k__Fungi;p__Basidiomycota;c__Agaricomycetes;o__Agaricales;f__Physalacriaceae;g__Strobilurus
SH135425.07FU_KF732539_refs	k__Fungi;p__Basidiomycota;c__Agaricomycetes;o__Agaricales;f__Cortinariaceae;g__Cortinarius
SH096119.07FU_AF484471_reps	k__Fungi;p__Ascomycota;c__Sordariomycetes;o__Ophiostomatales;f__Ophiostomataceae;g__Sporothrix
SH101114.07FU_KJ706594_reps	k__Fungi;p__Basidiomycota;c__Tremellomycetes;o__Cystofilobasidiales;f__Cystofilobasidiaceae;g__Cystofilobasidium
SH472654.07FU_GU324735_reps	k__Fungi;p__Ascomycota;c__Sordariomycetes;o__Xylariales;f__Xylariaceae;g__Xylaria
SH087149.07FU_EU935491_reps	k__Fungi;p__Basidiomycota;c__Agaricomycetes;o__Agaricales;f__Marasmiaceae;g__Marasmius
SH133834.07FU_AF310171_reps	k__Fungi;p__Basidiomycota;c__Exobasidiomycetes;o__Tilletiales;f__Tilletiaceae;g__Tilletia
SH547086.07FU_KM246231_reps	k__Fungi;p__Ascomycota;c__Dothideomycetes;o__Pleosporales;f__Sporormiaceae;g__Preussia
SH100856.07FU_DQ888717_refs	k__Fungi;p__Ascomycota;c__Lecanoromycetes;o__Teloschistales;f__Teloschistaceae;g__Gyalolechia
SH105563.07FU_EF126366_reps	k__Fungi;p__Basidiomycota;c__Tremellomycetes;o__Filobasidiales;f__Filobasidiaceae;g__Filobasidium
SH120574.07FU_FJ914922_refs	k__Fungi;p__Ascomycota;c__Saccharomycetes;o__Saccharomycetales;f__Pichiaceae;g__Ogataea
SH120743.07FU_HQ599392_reps	k__Fungi;p__Ascomycota;c__Eurotiomycetes;o__Pyrenulales;f__Massariaceae;g__Massaria
SH105784.07FU_UDB001309_refs	k__Fungi;p__Basidiomycota;c__Agaricomycetes;o__Agaricales;f__Cortinariaceae;g__Cortinarius
SH116349.07FU_JN871200_reps	k__Fungi;p__Ascomycota;c__Sordariomycetes;o__Xylariales;f__Amphisphaeriaceae;g__Seimatosporium
SH121042.07FU_AF309525_reps	k__Fungi;p__Basidiomycota;c__Agaricomycetes;o__Agaricales;f__Tricholomataceae;g__Tricholoma
SH119122.07FU_FN547623_refs	k__Fungi;p__Glomeromycota;c__Glomeromycetes;o__Glomerales;f__Claroideoglomeraceae;g__Claroideoglomus
SH095055.07FU_DQ396896_reps	k__Fungi;p__Ascomycota;c__Lecanoromycetes;o__Lecanorales;f__Stereocaulaceae;g__Stereocaulon
SH545335.07FU_KM010026_reps	k__Fungi;p__Ascomycota;c__Pezizomycetes;o__Pezizales;f__Pyronemataceae;g__Otidea
SH089638.07FU_UDB016194_refs	k__Fungi;p__Basidiomycota;c__Agaricomycetes;o__Thelephorales;f__Thelephoraceae;g__Tomentellopsis
SH115724.07FU_JQ301668_reps	k__Fungi;p__Ascomycota;c__Lecanoromycetes;o__Teloschistales;f__Teloschistaceae;g__Caloplaca
SH116922.07FU_KJ706686_reps	k__Fungi;p__Basidiomycota;c__Cystobasidiomycetes;o__Cystobasidiomycetes_ord_Incertae_sedis;f__Symmetrosporaceae;g__Symmetrospora
SH122139.07FU_AF444436_refs	k__Fungi;p__Basidiomycota;c__Tremellomycetes;o__Trichosporonales;f__Trichosporonaceae;g__Apiotrichum
SH119334.07FU_FJ810522_refs	k__Fungi;p__Ascomycota;c__Saccharomycetes;o__Saccharomycetales;f__Saccharomycetaceae;g__Kazachstania
SH105588.07FU_HQ659023_refs	k__Fungi;p__Ascomycota;c__Eurotiomycetes;o__Chaetothyriales;f__Herpotrichiellaceae;g__Exophiala
SH091302.07FU_AY189700_reps	k__Fungi;p__Basidiomycota;c__Agaricomycetes;o__Hymenochaetales;f__Hymenochaetaceae;g__Fuscoporia
SH133385.07FU_AY351624_reps	k__Fungi;p__Basidiomycota;c__Agaricomycetes;o__Russulales;f__Russulaceae;g__Russula
SH112631.07FU_KC732655_reps	k__Fungi;p__Ascomycota;c__Lecanoromycetes;o__Peltigerales;f__Lobariaceae;g__Sticta
SH133490.07FU_GU723756_reps	k__Fungi;p__Ascomycota;c__Sordariomycetes;o__Hypocreales;f__Ophiocordycipitaceae;g__Ophiocordyceps
SH092545.07FU_UDB000605_refs	k__Fungi;p__Basidiomycota;c__Agaricomycetes;o__Agaricales;f__Inocybaceae;g__Inocybe
SH112634.07FU_KC732627_reps	k__Fungi;p__Ascomycota;c__Lecanoromycetes;o__Peltigerales;f__Lobariaceae;g__Sticta
SH115967.07FU_AM882718_refs	k__Fungi;p__Basidiomycota;c__Agaricomycetes;o__Agaricales;f__Inocybaceae;g__Inocybe
SH108757.07FU_JN942348_reps	k__Fungi;p__Ascomycota;c__Dothideomycetes;o__Jahnulales;f__Aliquandostipitaceae;g__Jahnula
SH079181.07FU_HE601885_reps	k__Fungi;p__Basidiomycota;c__Agaricomycetes;o__Russulales;f__Russulaceae;g__Lactarius
SH130462.07FU_UDB000112_refs	k__Fungi;p__Basidiomycota;c__Agaricomycetes;o__Russulales;f__Russulaceae;g__Russula
SH078559.07FU_UDB011854_reps	k__Fungi;p__Basidiomycota;c__Agaricomycetes;o__Agaricales;f__Agaricaceae;g__Lycoperdon
SH551724.07FU_KM086839_reps	k__Fungi;p__Basidiomycota;c__Agaricomycetes;o__Russulales;f__Stephanosporaceae;g__Stephanospora
SH081599.07FU_UDB015171_refs	k__Fungi;p__Basidiomycota;c__Agaricomycetes;o__Agaricales;f__Amanitaceae;g__Amanita
SH096542.07FU_HQ604632_reps	k__Fungi;p__Basidiomycota;c__Agaricomycetes;o__Agaricales;f__Inocybaceae;g__Inocybe
SH536350.07FU_KP894228_reps	k__Fungi;p__Ascomycota;c__Dothideomycetes;o__Capnodiales;f__Mycosphaerellaceae;g__Ramularia
SH108095.07FU_HM490007_refs	k__Fungi;p__Ascomycota;c__Leotiomycetes;o__Erysiphales;f__Erysiphaceae;g__Erysiphe
SH108144.07FU_KC461561_reps	k__Fungi;p__Ascomycota;c__Sordariomycetes;o__Microascales;f__Microascaceae;g__Microascus
SH114053.07FU_HM770967_reps	k__Fungi;p__Zygomycota;c__Mucoromycotina_cls_Incertae_sedis;o__Mucorales;f__Mucoraceae;g__Mucor
SH085293.07FU_DQ518177_reps	k__Fungi;p__Ascomycota;c__Sordariomycetes;o__Hypocreales;f__Nectriaceae;g__Fusarium
SH116540.07FU_KF251433_reps	k__Fungi;p__Ascomycota;c__Dothideomycetes;o__Capnodiales;f__Mycosphaerellaceae;g__Septoria
SH134248.07FU_HE608897_reps	k__Fungi;p__Ascomycota;c__Sordariomycetes;o__Hypocreales;f__Hypocreaceae;g__Trichoderma
SH092840.07FU_AJ006678_reps	k__Fungi;p__Basidiomycota;c__Agaricomycetes;o__Polyporales;f__Polyporaceae;g__Skeletocutis
SH129740.07FU_UDB017955_refs	k__Fungi;p__Basidiomycota;c__Agaricomycetes;o__Agaricales;f__Strophariaceae;g__Stropharia
SH109801.07FU_AM882821_refs	k__Fungi;p__Basidiomycota;c__Agaricomycetes;o__Agaricales;f__Inocybaceae;g__Inocybe
SH545645.07FU_KT820091_reps	k__Fungi;p__Ascomycota;c__Eurotiomycetes;o__Pyrenulales;f__Pyrenulaceae;g__Pyrenula
SH076380.07FU_AB190407_reps	k__Fungi;p__Ascomycota;c__Sordariomycetes;o__Magnaporthales;f__Magnaporthaceae;g__Gaeumannomyces
SH111073.07FU_HQ318286_refs	k__Fungi;p__Basidiomycota;c__Agaricomycetes;o__Russulales;f__Russulaceae;g__Lactifluus
SH103725.07FU_JN206398_reps	k__Fungi;p__Zygomycota;c__Mucoromycotina_cls_Incertae_sedis;o__Mucorales;f__Umbelopsidaceae;g__Umbelopsis
SH544519.07FU_KP311432_reps	k__Fungi;p__Basidiomycota;c__Agaricomycetes;o__Agaricales;f__Cortinariaceae;g__Cortinarius
SH079294.07FU_HQ604322_reps	k__Fungi;p__Basidiomycota;c__Agaricomycetes;o__Agaricales;f__Inocybaceae;g__Inocybe
SH113290.07FU_KF057525_reps	k__Fungi;p__Ascomycota;c__Saccharomycetes;o__Saccharomycetales;f__Saccharomycetales_fam_Incertae_sedis;g__Starmerella
SH077500.07FU_HE575201_refs	k__Fungi;p__Ascomycota;c__Pezizomycotina_cls_Incertae_sedis;o__Pezizomycotina_ord_Incertae_sedis;f__Pezizomycotina_fam_Incertae_sedis;g__Ochroconis
SH135473.07FU_UDB001007_reps	k__Fungi;p__Basidiomycota;c__Agaricomycetes;o__Agaricales;f__Cortinariaceae;g__Cortinarius
SH079770.07FU_UDB015177_reps	k__Fungi;p__Basidiomycota;c__Agaricomycetes;o__Agaricales;f__Strophariaceae;g__Agrocybe
SH101788.07FU_JX065172_refs	k__Fungi;p__Basidiomycota;c__Agaricomycetes;o__Auriculariales;f__Auriculariales_fam_Incertae_sedis;g__Auricularia
SH080737.07FU_AF222865_reps	k__Fungi;p__Ascomycota;c__Sordariomycetes;o__Hypocreales;f__Hypocreaceae;g__Trichoderma
SH549408.07FU_KM983695_reps	k__Fungi;p__Basidiomycota;c__Agaricomycetes;o__Agaricales;f__Pluteaceae;g__Pluteus
SH111896.07FU_JF735264_refs	k__Fungi;p__Ascomycota;c__Sordariomycetes;o__Hypocreales;f__Hypocreales_fam_Incertae_sedis;g__Ilyonectria
SH091576.07FU_AJ968561_refs	k__Fungi;p__Zygomycota;c__Mucoromycotina_cls_Incertae_sedis;o__Mucorales;f__Lentamycetaceae;g__Lentamyces
SH095141.07FU_DQ821712_reps	k__Fungi;p__Basidiomycota;c__Pucciniomycetes;o__Pucciniales;f__Pucciniaceae;g__Puccinia
SH089747.07FU_JN943314_reps	k__Fungi;p__Ascomycota;c__Sordariomycetes;o__Hypocreales;f__Ophiocordycipitaceae;g__Tolypocladium
SH541155.07FU_KF937339_reps	k__Fungi;p__Basidiomycota;c__Agaricomycetes;o__Russulales;f__Russulaceae;g__Lactarius
SH131982.07FU_AF310978_reps	k__Fungi;p__Ascomycota;c__Sordariomycetes;o__Hypocreales;f__Nectriaceae;g__Gibberella
SH099936.07FU_AF549444_reps	k__Fungi;p__Ascomycota;c__Eurotiomycetes;o__Chaetothyriales;f__Herpotrichiellaceae;g__Exophiala
SH111159.07FU_GU994540_reps	k__Fungi;p__Ascomycota;c__Lecanoromycetes;o__Lecanorales;f__Parmeliaceae;g__Austroparmelina
SH104497.07FU_EU178738_reps	k__Fungi;p__Ascomycota;c__Sordariomycetes;o__Xylariales;f__Xylariaceae;g__Xylaria
SH128610.07FU_FN868458_reps	k__Fungi;p__Ascomycota;c__Dothideomycetes;o__Pleosporales;f__Pleosporaceae;g__Chalastospora
SH536372.07FU_KP659648_reps	k__Fungi;p__Ascomycota;c__Lecanoromycetes;o__Lecanorales;f__Parmeliaceae;g__Canoparmelia
SH128770.07FU_FM999708_reps	k__Fungi;p__Basidiomycota;c__Agaricomycetes;o__Agaricales;f__Mycenaceae;g__Mycena
SH135346.07FU_KF732293_refs	k__Fungi;p__Basidiomycota;c__Agaricomycetes;o__Agaricales;f__Cortinariaceae;g__Cortinarius
SH093170.07FU_JN192386_refs	k__Fungi;p__Ascomycota;c__Dothideomycetes;o__Pleosporales;f__Pleosporaceae;g__Curvularia
SH133492.07FU_HM535377_reps	k__Fungi;p__Basidiomycota;c__Agaricomycetes;o__Cantharellales;f__Hydnaceae;g__Sistotrema
SH081857.07FU_UDB000627_refs	k__Fungi;p__Basidiomycota;c__Agaricomycetes;o__Agaricales;f__Inocybaceae;g__Inocybe
SH117273.07FU_EU254801_refs	k__Fungi;p__Ascomycota;c__Sordariomycetes;o__Diaporthales;f__Gnomoniaceae;g__Gnomonia
SH091414.07FU_UDB016045_refs	k__Fungi;p__Basidiomycota;c__Agaricomycetes;o__Russulales;f__Russulaceae;g__Russula
SH128252.07FU_KC209154_reps	k__Fungi;p__Ascomycota;c__Lecanoromycetes;o__Lecanorales;f__Stereocaulaceae;g__Lepraria
SH103455.07FU_JQ666422_reps	k__Fungi;p__Basidiomycota;c__Agaricomycetes;o__Agaricales;f__Inocybaceae;g__Inocybe
SH079089.07FU_KF803241_refs	k__Fungi;p__Basidiomycota;c__Agaricomycetes;o__Agaricales;f__Amanitaceae;g__Amanita
SH084066.07FU_EU926482_refs	k__Fungi;p__Ascomycota;c__Saccharomycetes;o__Saccharomycetales;f__Saccharomycetales_fam_Incertae_sedis;g__Candida
SH105564.07FU_KJ706601_reps	k__Fungi;p__Basidiomycota;c__Tremellomycetes;o__Tremellales;f__Tremellales_fam_Incertae_sedis;g__Cryptococcus
SH119925.07FU_AB889545_reps	k__Fungi;p__Basidiomycota;c__Agaricomycetes;o__Agaricales;f__Typhulaceae;g__Typhula
SH094375.07FU_EU433390_reps	k__Fungi;p__Basidiomycota;c__Agaricomycetes;o__Agaricales;f__Cortinariaceae;g__Cortinarius
SH536369.07FU_KM024511_reps	k__Fungi;p__Basidiomycota;c__Agaricomycetes;o__Agaricales;f__Mycenaceae;g__Xeromphalina
SH133961.07FU_JN710568_reps	k__Fungi;p__Basidiomycota;c__Agaricomycetes;o__Polyporales;f__Meruliaceae;g__Loweomyces
SH079116.07FU_AJ608667_reps	k__Fungi;p__Basidiomycota;c__Tremellomycetes;o__Tremellales;f__Tremellales_fam_Incertae_sedis;g__Fellomyces
SH096313.07FU_AY553849_refs	k__Fungi;p__Ascomycota;c__Saccharomycetes;o__Saccharomycetales;f__Saccharomycetales_fam_Incertae_sedis;g__Candida
SH082566.07FU_UDB018797_refs	k__Fungi;p__Basidiomycota;c__Agaricomycetes;o__Agaricales;f__Lyophyllaceae;g__Asterophora
SH116522.07FU_EU882125_refs	k__Fungi;p__Ascomycota;c__Dothideomycetes;o__Capnodiales;f__Mycosphaerellaceae;g__Mycosphaerella
SH129697.07FU_AF408106_reps	k__Fungi;p__Ascomycota;c__Sordariomycetes;o__Hypocreales;f__Hypocreaceae;g__Trichoderma
SH112750.07FU_AY204596_reps	k__Fungi;p__Ascomycota;c__Dothideomycetes;o__Pleosporales;f__Pleosporales_fam_Incertae_sedis;g__Anguillospora
SH082311.07FU_KF561972_reps	k__Fungi;p__Basidiomycota;c__Agaricomycetes;o__Agaricales;f__Amanitaceae;g__Amanita
SH123282.07FU_JF750392_reps	k__Fungi;p__Ascomycota;c__Sordariomycetes;o__Hypocreales;f__Cordycipitaceae;g__Beauveria
SH122107.07FU_FM180029_reps	k__Fungi;p__Ascomycota;c__Dothideomycetes;o__Pleosporales;f__Pleosporales_fam_Incertae_sedis;g__Didymella
SH118782.07FU_JN943720_reps	k__Fungi;p__Ascomycota;c__Lecanoromycetes;o__Lecanorales;f__Lecanoraceae;g__Lecanora
SH086065.07FU_KF669891_reps	k__Fungi;p__Ascomycota;c__Leotiomycetes;o__Leotiomycetes_ord_Incertae_sedis;f__Leotiomycetes_fam_Incertae_sedis;g__Chaetomella
SH133494.07FU_KC785594_reps	k__Fungi;p__Basidiomycota;c__Agaricomycetes;o__Cantharellales;f__Hydnaceae;g__Sistotrema
SH124997.07FU_JQ926269_reps	k__Fungi;p__Ascomycota;c__Sordariomycetes;o__Diaporthales;f__Melanconidaceae;g__Melanconiella
SH087560.07FU_UDB001564_reps	k__Fungi;p__Basidiomycota;c__Agaricomycetes;o__Agaricales;f__Cortinariaceae;g__Cortinarius
SH116801.07FU_KP183978_refs	k__Fungi;p__Ascomycota;c__Dothideomycetes;o__Pleosporales;f__Lentitheciaceae;g__Darksidea
SH096567.07FU_UDB017717_reps	k__Fungi;p__Basidiomycota;c__Agaricomycetes;o__Russulales;f__Russulaceae;g__Russula
SH126957.07FU_KC146356_refs	k__Fungi;p__Ascomycota;c__Dothideomycetes;o__Pleosporales;f__Pleosporaceae;g__Alternaria
SH106765.07FU_AB554108_refs	k__Fungi;p__Ascomycota;c__Dothideomycetes;o__Pleosporales;f__Pleomassariaceae;g__Prosthemium
SH123947.07FU_KC692211_reps	k__Fungi;p__Ascomycota;c__Sordariomycetes;o__Xylariales;f__Xylariaceae;g__Daldinia
SH133905.07FU_EF441996_reps	k__Fungi;p__Ascomycota;c__Pezizomycetes;o__Pezizales;f__Rhizinaceae;g__Phymatotrichopsis
SH088873.07FU_FN547483_refs	k__Fungi;p__Glomeromycota;c__Glomeromycetes;o__Glomerales;f__Glomeraceae;g__Funneliformis
SH096535.07FU_EF420017_reps	k__Fungi;p__Ascomycota;c__Pezizomycetes;o__Pezizales;f__Pezizaceae;g__Peziza
SH120977.07FU_KJ653475_reps	k__Fungi;p__Ascomycota;c__Lecanoromycetes;o__Lecideales;f__Porpidiaceae;g__Porpidia
SH104611.07FU_FM865590_reps	k__Fungi;p__Glomeromycota;c__Glomeromycetes;o__Glomerales;f__Glomeraceae;g__Rhizophagus
SH133568.07FU_KJ461893_refs	k__Fungi;p__Basidiomycota;c__Agaricomycetes;o__Agaricales;f__Hydnangiaceae;g__Hydnangium
SH108519.07FU_KC305130_refs	k__Fungi;p__Ascomycota;c__Sordariomycetes;o__Microascales;f__Ceratocystidaceae;g__Endoconidiophora
SH077694.07FU_DQ389718_refs	k__Fungi;p__Basidiomycota;c__Agaricomycetes;o__Agaricales;f__Psathyrellaceae;g__Psathyrella
SH108954.07FU_GQ852791_refs	k__Fungi;p__Ascomycota;c__Dothideomycetes;o__Capnodiales;f__Teratosphaeriaceae;g__Teratosphaeria
SH093180.07FU_DQ420883_reps	k__Fungi;p__Ascomycota;c__Dothideomycetes;o__Pleosporales;f__Pleosporaceae;g__Curvularia
SH538886.07FU_KP413075_reps	k__Fungi;p__Basidiomycota;c__Entorrhizomycetes;o__Entorrhizales;f__Entorrhizaceae;g__Entorrhiza
SH112917.07FU_FN547622_refs	k__Fungi;p__Glomeromycota;c__Glomeromycetes;o__Diversisporales;f__Gigasporaceae;g__Cetraspora
SH089209.07FU_AF126892_reps	k__Fungi;p__Basidiomycota;c__Agaricomycetes;o__Polyporales;f__Phanerochaetaceae;g__Antrodiella
SH089341.07FU_EF507257_refs	k__Fungi;p__Basidiomycota;c__Agaricomycetes;o__Thelephorales;f__Thelephoraceae;g__Tomentella
SH136436.07FU_UDB011771_refs	k__Fungi;p__Basidiomycota;c__Agaricomycetes;o__Agaricales;f__Mycenaceae;g__Mycena
SH080872.07FU_UDB003320_refs	k__Fungi;p__Basidiomycota;c__Agaricomycetes;o__Thelephorales;f__Thelephoraceae;g__Tomentella
SH135421.07FU_GU233348_refs	k__Fungi;p__Basidiomycota;c__Agaricomycetes;o__Agaricales;f__Cortinariaceae;g__Cortinarius
SH101351.07FU_JN899374_refs	k__Fungi;p__Ascomycota;c__Eurotiomycetes;o__Eurotiales;f__Trichocomaceae;g__Talaromyces
SH111730.07FU_JX848582_reps	k__Fungi;p__Ascomycota;c__Eurotiomycetes;o__Verrucariales;f__Verrucariaceae;g__Verrucaria
SH101782.07FU_JX065161_refs	k__Fungi;p__Basidiomycota;c__Agaricomycetes;o__Auriculariales;f__Auriculariales_fam_Incertae_sedis;g__Auricularia
SH101402.07FU_GQ303270_reps	k__Fungi;p__Ascomycota;c__Sordariomycetes;o__Sordariales;f__Lasiosphaeriaceae;g__Bagadiella
SH129638.07FU_EF191238_refs	k__Fungi;p__Ascomycota;c__Leotiomycetes;o__Rhytismatales;f__Rhytismataceae;g__Lophodermium
SH086045.07FU_AF414693_refs	k__Fungi;p__Basidiomycota;c__Tremellomycetes;o__Trichosporonales;f__Trichosporonaceae;g__Apiotrichum
SH082297.07FU_UDB015859_refs	k__Fungi;p__Basidiomycota;c__Agaricomycetes;o__Agaricales;f__Amanitaceae;g__Amanita
SH079945.07FU_FM999662_reps	k__Fungi;p__Basidiomycota;c__Agaricomycetes;o__Agaricales;f__Pleurotaceae;g__Pleurotus
SH130342.07FU_FJ428582_reps	k__Fungi;p__Basidiomycota;c__Agaricomycetes;o__Agaricales;f__Tricholomataceae;g__Lepista
SH543643.07FU_UDB024018_refs	k__Fungi;p__Basidiomycota;c__Agaricomycetes;o__Trechisporales;f__Hydnodontaceae;g__Trechispora
SH133656.07FU_KF815730_reps	k__Fungi;p__Basidiomycota;c__Agaricomycetes;o__Agaricales;f__Amanitaceae;g__Amanita
SH099564.07FU_GQ159940_reps	k__Fungi;p__Basidiomycota;c__Agaricomycetes;o__Agaricales;f__Clavariaceae;g__Clavaria
SH090916.07FU_UDB017915_reps	k__Fungi;p__Basidiomycota;c__Agaricomycetes;o__Agaricales;f__Entolomataceae;g__Entoloma
SH096650.07FU_AY462039_reps	k__Fungi;p__Basidiomycota;c__Agaricomycetes;o__Agaricales;f__Tricholomataceae;g__Tricholoma
SH131204.07FU_FN430682_reps	k__Fungi;p__Basidiomycota;c__Agaricomycetes;o__Agaricales;f__Agaricaceae;g__Coprinus
SH135234.07FU_KF732272_refs	k__Fungi;p__Basidiomycota;c__Agaricomycetes;o__Agaricales;f__Cortinariaceae;g__Cortinarius
SH100806.07FU_AF444629_refs	k__Fungi;p__Basidiomycota;c__Microbotryomycetes;o__Leucosporidiales;f__Leucosporidiaceae;g__Leucosporidiella
SH099006.07FU_FJ375333_reps	k__Fungi;p__Basidiomycota;c__Agaricomycetes;o__Agaricales;f__Amanitaceae;g__Amanita
SH116156.07FU_AB597209_reps	k__Fungi;p__Ascomycota;c__Pezizomycotina_cls_Incertae_sedis;o__Pezizomycotina_ord_Incertae_sedis;f__Pezizomycotina_fam_Incertae_sedis;g__Slimacomyces
SH099194.07FU_KC514834_reps	k__Fungi;p__Basidiomycota;c__Agaricomycetes;o__Polyporales;f__Meruliaceae;g__Phlebia
SH094283.07FU_AF491629_reps	k__Fungi;p__Ascomycota;c__Pezizomycetes;o__Pezizales;f__Pezizaceae;g__Peziza
SH080714.07FU_JQ621972_refs	k__Fungi;p__Ascomycota;c__Sordariomycetes;o__Hypocreales;f__Hypocreaceae;g__Trichoderma
SH110309.07FU_JF937581_reps	k__Fungi;p__Ascomycota;c__Leotiomycetes;o__Helotiales;f__Hyaloscyphaceae;g__Lachnum
SH539781.07FU_KT380082_reps	k__Fungi;p__Ascomycota;c__Orbiliomycetes;o__Orbiliales;f__Orbiliaceae;g__Orbilia
SH113305.07FU_JF744975_reps	k__Fungi;p__Ascomycota;c__Lecanoromycetes;o__Lecanorales;f__Mycoblastaceae;g__Mycoblastus
SH104682.07FU_AM713404_refs	k__Fungi;p__Glomeromycota;c__Glomeromycetes;o__Diversisporales;f__Diversisporaceae;g__Diversispora
SH077687.07FU_DQ389665_refs	k__Fungi;p__Basidiomycota;c__Agaricomycetes;o__Agaricales;f__Psathyrellaceae;g__Psathyrella
SH105274.07FU_KJ124561_reps	k__Fungi;p__Basidiomycota;c__Agaricomycetes;o__Polyporales;f__Fomitopsidaceae;g__Antrodia
SH100505.07FU_FJ380942_reps	k__Fungi;p__Ascomycota;c__Orbiliomycetes;o__Orbiliales;f__Orbiliaceae;g__Gamsylella
SH080746.07FU_HM466669_reps	k__Fungi;p__Ascomycota;c__Sordariomycetes;o__Hypocreales;f__Hypocreaceae;g__Trichoderma
SH460404.07FU_UDB011815_reps	k__Fungi;p__Basidiomycota;c__Agaricomycetes;o__Agaricales;f__Tricholomataceae;g__Clitocybe
SH135443.07FU_HQ533023_reps	k__Fungi;p__Basidiomycota;c__Agaricomycetes;o__Agaricales;f__Cortinariaceae;g__Cortinarius
SH461300.07FU_KF800384_reps	k__Fungi;p__Ascomycota;c__Lecanoromycetes;o__Teloschistales;f__Physciaceae;g__Physciella
SH130354.07FU_UDB015794_refs	k__Fungi;p__Basidiomycota;c__Agaricomycetes;o__Agaricales;f__Tricholomataceae;g__Paralepista
SH121418.07FU_JN845144_reps	k__Fungi;p__Basidiomycota;c__Agaricomycetes;o__Geastrales;f__Geastraceae;g__Geastrum
SH108403.07FU_GU207257_reps	k__Fungi;p__Basidiomycota;c__Agaricomycetes;o__Polyporales;f__Polyporaceae;g__Lentinus
SH092927.07FU_KF297239_reps	k__Fungi;p__Ascomycota;c__Eurotiomycetes;o__Verrucariales;f__Verrucariaceae;g__Atla
SH079182.07FU_EF141536_reps	k__Fungi;p__Basidiomycota;c__Agaricomycetes;o__Russulales;f__Russulaceae;g__Lactarius
SH465409.07FU_AJ293884_reps	k__Fungi;p__Ascomycota;c__Sordariomycetes;o__Microascales;f__Ceratocystidaceae;g__Ceratocystis
SH123191.07FU_JN845101_reps	k__Fungi;p__Basidiomycota;c__Agaricomycetes;o__Geastrales;f__Geastraceae;g__Geastrum
SH113254.07FU_DQ104711_refs	k__Fungi;p__Ascomycota;c__Saccharomycetes;o__Saccharomycetales;f__Pichiaceae;g__Pichia
SH545707.07FU_HG917383_reps	k__Fungi;p__Basidiomycota;c__Agaricomycetes;o__Russulales;f__Russulaceae;g__Lactifluus
SH087083.07FU_GU136199_reps	k__Fungi;p__Basidiomycota;c__Agaricomycetes;o__Agaricales;f__Agaricaceae;g__Leucoagaricus
SH084391.07FU_JN942966_reps	k__Fungi;p__Ascomycota;c__Dothideomycetes;o__Pleosporales;f__Lophiostomataceae;g__Lophiostoma
SH096287.07FU_AB054023_refs	k__Fungi;p__Ascomycota;c__Saccharomycetes;o__Saccharomycetales;f__Saccharomycetales_fam_Incertae_sedis;g__Schwanniomyces
SH128039.07FU_FJ171855_refs	k__Fungi;p__Ascomycota;c__Neolectomycetes;o__Neolectales;f__Neolectaceae;g__Neolecta
SH094339.07FU_UDB001024_reps	k__Fungi;p__Basidiomycota;c__Agaricomycetes;o__Agaricales;f__Cortinariaceae;g__Cortinarius
SH092946.07FU_FJ664854_reps	k__Fungi;p__Ascomycota;c__Eurotiomycetes;o__Verrucariales;f__Verrucariaceae;g__Verrucaria
SH096426.07FU_KC811046_reps	k__Fungi;p__Ascomycota;c__Eurotiomycetes;o__Eurotiales;f__Trichocomaceae;g__Penicillium
SH078691.07FU_KJ486537_reps	k__Fungi;p__Basidiomycota;c__Pucciniomycetes;o__Pucciniales;f__Pucciniastraceae;g__Pucciniastrum
SH131577.07FU_UDB011642_refs	k__Fungi;p__Basidiomycota;c__Agaricomycetes;o__Agaricales;f__Tricholomataceae;g__Tricholoma
SH107861.07FU_HM562189_reps	k__Fungi;p__Basidiomycota;c__Agaricomycetes;o__Agaricales;f__Pluteaceae;g__Pluteus
SH090970.07FU_AY706335_refs	k__Fungi;p__Ascomycota;c__Eurotiomycetes;o__Eurotiales;f__Eurotiales_fam_Incertae_sedis;g__Thermomyces
SH084004.07FU_DQ328136_reps	k__Fungi;p__Basidiomycota;c__Agaricomycetes;o__Russulales;f__Russulaceae;g__Russula
SH092550.07FU_JF908090_reps	k__Fungi;p__Basidiomycota;c__Agaricomycetes;o__Agaricales;f__Inocybaceae;g__Inocybe
SH131876.07FU_KF793784_reps	k__Fungi;p__Ascomycota;c__Dothideomycetes;o__Venturiales;f__Venturiaceae;g__Venturia
SH092697.07FU_AY593860_reps	k__Fungi;p__Basidiomycota;c__Agaricomycetes;o__Polyporales;f__Ganodermataceae;g__Ganoderma
SH131769.07FU_KC571720_reps	k__Fungi;p__Basidiomycota;c__Agaricomycetes;o__Thelephorales;f__Bankeraceae;g__Sarcodon
SH131535.07FU_KC305487_reps	k__Fungi;p__Basidiomycota;c__Agaricomycetes;o__Agaricales;f__Inocybaceae;g__Inocybe
SH079660.07FU_EU784300_reps	k__Fungi;p__Basidiomycota;c__Agaricomycetes;o__Agaricales;f__Hygrophoraceae;g__Hygrocybe
SH135253.07FU_UDB001018_refs	k__Fungi;p__Basidiomycota;c__Agaricomycetes;o__Agaricales;f__Cortinariaceae;g__Cortinarius
SH135991.07FU_KJ635206_reps	k__Fungi;p__Basidiomycota;c__Agaricomycetes;o__Agaricales;f__Cortinariaceae;g__Cortinarius
SH085546.07FU_AF444582_refs	k__Fungi;p__Basidiomycota;c__Agaricostilbomycetes;o__Spiculogloeales;f__Spiculogloeaceae;g__Phyllozyma
SH112353.07FU_AF444601_refs	k__Fungi;p__Basidiomycota;c__Microbotryomycetes;o__Microbotryomycetes_ord_Incertae_sedis;f__Microbotryomycetes_fam_Incertae_sedis;g__Yunzhangia
SH080210.07FU_EF560681_reps	k__Fungi;p__Basidiomycota;c__Agaricomycetes;o__Russulales;f__Russulaceae;g__Lactarius
SH113342.07FU_AF422967_reps	k__Fungi;p__Ascomycota;c__Dothideomycetes;o__Pleosporales;f__Phaeosphaeriaceae;g__Phaeosphaeria
SH108476.07FU_FR750363_refs	k__Fungi;p__Glomeromycota;c__Glomeromycetes;o__Glomerales;f__Glomeraceae;g__Glomus
SH108912.07FU_FM163177_reps	k__Fungi;p__Basidiomycota;c__Agaricomycetes;o__Agaricales;f__Psathyrellaceae;g__Coprinellus
SH088247.07FU_AF062933_refs	k__Fungi;p__Basidiomycota;c__Agaricomycetes;o__Boletales;f__Rhizopogonaceae;g__Rhizopogon
SH537704.07FU_KP814200_reps	k__Fungi;p__Basidiomycota;c__Agaricomycetes;o__Cantharellales;f__Botryobasidiaceae;g__Botryobasidium
SH077547.07FU_JQ279551_refs	k__Fungi;p__Basidiomycota;c__Agaricomycetes;o__Hymenochaetales;f__Hymenochaetaceae;g__Hymenochaete
SH096095.07FU_AY004792_reps	k__Fungi;p__Ascomycota;c__Dothideomycetes;o__Pleosporales;f__Pleosporaceae;g__Drechslera
SH077784.07FU_JQ946642_reps	k__Fungi;p__Ascomycota;c__Sordariomycetes;o__Hypocreales;f__Nectriaceae;g__Bisifusarium
SH119264.07FU_UDB016204_refs	k__Fungi;p__Basidiomycota;c__Agaricomycetes;o__Thelephorales;f__Thelephoraceae;g__Thelephora
SH120714.07FU_JX867704_reps	k__Fungi;p__Ascomycota;c__Lecanoromycetes;o__Peltigerales;f__Nephromataceae;g__Nephroma
SH107340.07FU_EU882113_refs	k__Fungi;p__Ascomycota;c__Dothideomycetes;o__Capnodiales;f__Mycosphaerellaceae;g__Mycosphaerella
SH104126.07FU_UDB018203_reps	k__Fungi;p__Basidiomycota;c__Agaricomycetes;o__Russulales;f__Stereaceae;g__Stereum
SH131856.07FU_KJ188666_reps	k__Fungi;p__Ascomycota;c__Sordariomycetes;o__Hypocreales;f__Nectriaceae;g__Fusarium
SH102282.07FU_AY015437_refs	k__Fungi;p__Basidiomycota;c__Microbotryomycetes;o__Sporidiobolales;f__Sporidiobolales_fam_Incertae_sedis;g__Sporobolomyces
SH132531.07FU_JF908276_reps	k__Fungi;p__Basidiomycota;c__Agaricomycetes;o__Russulales;f__Russulaceae;g__Lactarius
SH129916.07FU_JF908018_reps	k__Fungi;p__Ascomycota;c__Pezizomycetes;o__Pezizales;f__Pyronemataceae;g__Genea
SH112078.07FU_KF057730_reps	k__Fungi;p__Ascomycota;c__Saccharomycetes;o__Saccharomycetales;f__Pichiaceae;g__Yamadazyma
SH082698.07FU_HM066940_reps	k__Fungi;p__Ascomycota;c__Lecanoromycetes;o__Lecanorales;f__Parmeliaceae;g__Xanthoparmelia
SH540200.07FU_UDB023592_reps	k__Fungi;p__Basidiomycota;c__Agaricomycetes;o__Agaricales;f__Tricholomataceae;g__Melanoleuca
SH104445.07FU_UDB001744_refs	k__Fungi;p__Basidiomycota;c__Agaricomycetes;o__Atheliales;f__Atheliaceae;g__Piloderma
SH127132.07FU_GU233369_reps	k__Fungi;p__Basidiomycota;c__Agaricomycetes;o__Agaricales;f__Cortinariaceae;g__Cortinarius
SH085134.07FU_HQ416694_reps	k__Fungi;p__Basidiomycota;c__Agaricomycetes;o__Cantharellales;f__Cantharellaceae;g__Cantharellus
SH123434.07FU_UDB015816_refs	k__Fungi;p__Basidiomycota;c__Agaricomycetes;o__Boletales;f__Suillaceae;g__Suillus
SH082019.07FU_KC456249_reps	k__Fungi;p__Basidiomycota;c__Agaricomycetes;o__Polyporales;f__Fomitopsidaceae;g__Fibroporia
SH128755.07FU_FR832479_refs	k__Fungi;p__Ascomycota;c__Pezizomycotina_cls_Incertae_sedis;o__Pezizomycotina_ord_Incertae_sedis;f__Pezizomycotina_fam_Incertae_sedis;g__Scolecobasidium
SH115001.07FU_GU300095_reps	k__Fungi;p__Ascomycota;c__Sordariomycetes;o__Xylariales;f__Xylariaceae;g__Xylaria
SH108819.07FU_HQ331450_refs	k__Fungi;p__Ascomycota;c__Sordariomycetes;o__Hypocreales;f__Clavicipitaceae;g__Metarhizium
SH129244.07FU_KC408379_reps	k__Fungi;p__Basidiomycota;c__Agaricomycetes;o__Agaricales;f__Amanitaceae;g__Amanita
SH101622.07FU_UDB015459_refs	k__Fungi;p__Basidiomycota;c__Agaricomycetes;o__Agaricales;f__Amanitaceae;g__Amanita
SH078143.07FU_FR750196_reps	k__Fungi;p__Glomeromycota;c__Glomeromycetes;o__Glomerales;f__Glomeraceae;g__Rhizophagus
SH086979.07FU_AY263442_refs	k__Fungi;p__Basidiomycota;c__Agaricomycetes;o__Agaricales;f__Omphalotaceae;g__Gymnopus
SH091768.07FU_KF206173_refs	k__Fungi;p__Ascomycota;c__Dothideomycetes;o__Botryosphaeriales;f__Botryosphaeriaceae;g__Phyllosticta
SH115471.07FU_AB263119_reps	k__Fungi;p__Basidiomycota;c__Cystobasidiomycetes;o__Cystobasidiomycetes_ord_Incertae_sedis;f__Cystobasidiomycetes_fam_Incertae_sedis;g__Sakaguchia
SH098479.07FU_KF638534_reps	k__Fungi;p__Basidiomycota;c__Agaricomycetes;o__Polyporales;f__Phanerochaetaceae;g__Phanerochaete
SH135599.07FU_AY174809_reps	k__Fungi;p__Basidiomycota;c__Agaricomycetes;o__Agaricales;f__Cortinariaceae;g__Cortinarius
SH546452.07FU_KP114462_refs	k__Fungi;p__Basidiomycota;c__Agaricomycetes;o__Agaricales;f__Cortinariaceae;g__Cortinarius
SH122152.07FU_HQ699637_reps	k__Fungi;p__Ascomycota;c__Lecanoromycetes;o__Teloschistales;f__Teloschistaceae;g__Caloplaca
SH084192.07FU_EF432560_reps	k__Fungi;p__Ascomycota;c__Lecanoromycetes;o__Lecanorales;f__Ramalinaceae;g__Ramalina
SH130025.07FU_KC312697_reps	k__Fungi;p__Basidiomycota;c__Agaricomycetes;o__Hymenochaetales;f__Hymenochaetaceae;g__Inonotus
SH084765.07FU_UDB019775_reps	k__Fungi;p__Basidiomycota;c__Agaricomycetes;o__Agaricales;f__Entolomataceae;g__Entoloma
SH132814.07FU_KC992900_refs	k__Fungi;p__Basidiomycota;c__Agaricomycetes;o__Agaricales;f__Psathyrellaceae;g__Psathyrella
SH544559.07FU_KP860070_reps	k__Fungi;p__Basidiomycota;c__Microbotryomycetes;o__Sporidiobolales;f__Sporidiobolaceae;g__Rhodosporidiobolus
SH077022.07FU_JF727867_reps	k__Fungi;p__Basidiomycota;c__Agaricomycetes;o__Agaricales;f__Agaricaceae;g__Agaricus
SH082065.07FU_GQ927267_reps	k__Fungi;p__Ascomycota;c__Lecanoromycetes;o__Peltigerales;f__Pannariaceae;g__Pannaria
SH076802.07FU_DQ185925_reps	k__Fungi;p__Basidiomycota;c__Agaricomycetes;o__Russulales;f__Hericiaceae;g__Hericium
SH109980.07FU_UDB002549_refs	k__Fungi;p__Basidiomycota;c__Agaricomycetes;o__Russulales;f__Russulaceae;g__Russula
SH132393.07FU_DQ328066_reps	k__Fungi;p__Basidiomycota;c__Agaricomycetes;o__Agaricales;f__Bolbitiaceae;g__Descomyces
SH079424.07FU_JF907823_reps	k__Fungi;p__Basidiomycota;c__Agaricomycetes;o__Agaricales;f__Bolbitiaceae;g__Conocybe
SH125921.07FU_JQ958318_refs	k__Fungi;p__Basidiomycota;c__Agaricomycetes;o__Boletales;f__Suillaceae;g__Suillus
SH134345.07FU_JQ902079_reps	k__Fungi;p__Basidiomycota;c__Agaricomycetes;o__Russulales;f__Russulaceae;g__Russula
SH088272.07FU_AF505788_refs	k__Fungi;p__Basidiomycota;c__Agaricomycetes;o__Agaricales;f__Omphalotaceae;g__Gymnopus
SH123829.07FU_KC305352_reps	k__Fungi;p__Ascomycota;c__Sordariomycetes;o__Hypocreales;f__Hypocreales_fam_Incertae_sedis;g__Stachybotrys
SH086975.07FU_AJ296294_reps	k__Fungi;p__Basidiomycota;c__Agaricomycetes;o__Boletales;f__Boletaceae;g__Boletus
SH129206.07FU_UDB015160_refs	k__Fungi;p__Basidiomycota;c__Agaricomycetes;o__Agaricales;f__Pluteaceae;g__Volvariella
SH091562.07FU_FM205619_refs	k__Fungi;p__Ascomycota;c__Pezizomycetes;o__Pezizales;f__Tuberaceae;g__Tuber
SH101777.07FU_KJ627785_reps	k__Fungi;p__Basidiomycota;c__Agaricomycetes;o__Auriculariales;f__Auriculariales_fam_Incertae_sedis;g__Auricularia
SH128711.07FU_JN033393_reps	k__Fungi;p__Ascomycota;c__Leotiomycetes;o__Helotiales;f__Hyaloscyphaceae;g__Arachnopeziza
SH097055.07FU_UDB011482_refs	k__Fungi;p__Basidiomycota;c__Agaricomycetes;o__Agaricales;f__Entolomataceae;g__Entoloma
SH090012.07FU_HM562095_refs	k__Fungi;p__Basidiomycota;c__Agaricomycetes;o__Agaricales;f__Pluteaceae;g__Pluteus
SH105637.07FU_AB213453_refs	k__Fungi;p__Ascomycota;c__Dothideomycetes;o__Dothideomycetidae_ord_Incertae_sedis;f__Eremomycetaceae;g__Arthrographis
SH106844.07FU_KC543113_reps	k__Fungi;p__Basidiomycota;c__Agaricomycetes;o__Polyporales;f__Fomitopsidaceae;g__Antrodia
SH109522.07FU_KC343190_refs	k__Fungi;p__Ascomycota;c__Sordariomycetes;o__Diaporthales;f__Diaporthaceae;g__Diaporthe
SH085571.07FU_JN193464_refs	k__Fungi;p__Basidiomycota;c__Tremellomycetes;o__Tremellales;f__Tremellales_fam_Incertae_sedis;g__Cryptococcus
SH078552.07FU_FJ772413_reps	k__Fungi;p__Basidiomycota;c__Agaricomycetes;o__Agaricales;f__Agaricaceae;g__Calvatia
SH080725.07FU_FJ860842_refs	k__Fungi;p__Ascomycota;c__Sordariomycetes;o__Hypocreales;f__Hypocreaceae;g__Trichoderma
SH537325.07FU_KR673696_reps	k__Fungi;p__Basidiomycota;c__Agaricomycetes;o__Russulales;f__Auriscalpiaceae;g__Auriscalpium
SH123278.07FU_JQ958599_reps	k__Fungi;p__Ascomycota;c__Sordariomycetes;o__Hypocreales;f__Cordycipitaceae;g__Cordyceps
SH117243.07FU_KJ869141_reps	k__Fungi;p__Ascomycota;c__Pezizomycotina_cls_Incertae_sedis;o__Pezizomycotina_ord_Incertae_sedis;f__Pezizomycotina_fam_Incertae_sedis;g__Setophoma
SH082014.07FU_AY176413_reps	k__Fungi;p__Basidiomycota;c__Agaricomycetes;o__Agaricales;f__Agaricaceae;g__Leucoagaricus
SH118000.07FU_FJ709000_reps	k__Fungi;p__Ascomycota;c__Lecanoromycetes;o__Peltigerales;f__Peltigeraceae;g__Peltigera
SH114378.07FU_EU200782_refs	k__Fungi;p__Basidiomycota;c__Tremellomycetes;o__Tremellales;f__Tremellales_fam_Incertae_sedis;g__Papiliotrema
SH131139.07FU_FJ197220_reps	k__Fungi;p__Ascomycota;c__Eurotiomycetes;o__Eurotiales;f__Trichocomaceae;g__Talaromyces
SH093693.07FU_AF456409_refs	k__Fungi;p__Ascomycota;c__Lecanoromycetes;o__Lecanorales;f__Cladoniaceae;g__Cladonia
SH080730.07FU_FJ860803_refs	k__Fungi;p__Ascomycota;c__Sordariomycetes;o__Hypocreales;f__Hypocreaceae;g__Trichoderma
SH551660.07FU_KJ421204_reps	k__Fungi;p__Basidiomycota;c__Agaricomycetes;o__Agaricales;f__Cortinariaceae;g__Cortinarius
SH108804.07FU_DQ192180_reps	k__Fungi;p__Basidiomycota;c__Agaricomycetes;o__Agaricales;f__Hygrophoraceae;g__Chrysomphalina
SH110329.07FU_AF141199_reps	k__Fungi;p__Ascomycota;c__Leotiomycetes;o__Helotiales;f__Dermateaceae;g__Pezicula
SH131203.07FU_AB071802_reps	k__Fungi;p__Basidiomycota;c__Agaricomycetes;o__Agaricales;f__Psathyrellaceae;g__Coprinopsis
SH115722.07FU_HM538504_reps	k__Fungi;p__Ascomycota;c__Lecanoromycetes;o__Teloschistales;f__Teloschistaceae;g__Caloplaca
SH134268.07FU_GQ411524_refs	k__Fungi;p__Basidiomycota;c__Agaricomycetes;o__Hymenochaetales;f__Schizoporaceae;g__Xylodon
SH100012.07FU_AB451972_reps	k__Fungi;p__Basidiomycota;c__Agaricomycetes;o__Agaricales;f__Amanitaceae;g__Amanita
SH076985.07FU_KF531830_refs	k__Fungi;p__Ascomycota;c__Leotiomycetes;o__Helotiales;f__Helotiales_fam_Incertae_sedis;g__Tiarosporella
SH099243.07FU_KC343007_refs	k__Fungi;p__Ascomycota;c__Sordariomycetes;o__Diaporthales;f__Diaporthaceae;g__Diaporthe
SH112485.07FU_AF224354_reps	k__Fungi;p__Ascomycota;c__Lecanoromycetes;o__Teloschistales;f__Physciaceae;g__Phaeophyscia
SH093351.07FU_FJ596921_reps	k__Fungi;p__Basidiomycota;c__Agaricomycetes;o__Agaricales;f__Strophariaceae;g__Deconica
SH542735.07FU_KP814512_reps	k__Fungi;p__Basidiomycota;c__Agaricomycetes;o__Hymenochaetales;f__Hymenochaetaceae;g__Hymenochaete
SH091071.07FU_EU926252_refs	k__Fungi;p__Ascomycota;c__Sordariomycetes;o__Hypocreales;f__Nectriaceae;g__Fusarium
SH124512.07FU_UDB015783_refs	k__Fungi;p__Basidiomycota;c__Agaricomycetes;o__Agaricales;f__Agaricaceae;g__Lepiota
SH115522.07FU_KF251627_reps	k__Fungi;p__Ascomycota;c__Dothideomycetes;o__Capnodiales;f__Mycosphaerellaceae;g__Sphaerulina
SH084700.07FU_KC343057_refs	k__Fungi;p__Ascomycota;c__Sordariomycetes;o__Diaporthales;f__Diaporthaceae;g__Phomopsis
SH102263.07FU_UDB016399_reps	k__Fungi;p__Ascomycota;c__Eurotiomycetes;o__Eurotiales;f__Trichocomaceae;g__Paecilomyces
SH094303.07FU_UDB001329_refs	k__Fungi;p__Basidiomycota;c__Agaricomycetes;o__Agaricales;f__Cortinariaceae;g__Cortinarius
SH076750.07FU_JF439096_reps	k__Fungi;p__Glomeromycota;c__Glomeromycetes;o__Diversisporales;f__Diversisporaceae;g__Corymbiglomus
SH093003.07FU_KF582797_reps	k__Fungi;p__Ascomycota;c__Leotiomycetes;o__Erysiphales;f__Erysiphaceae;g__Erysiphe
SH085724.07FU_AF224427_reps	k__Fungi;p__Ascomycota;c__Lecanoromycetes;o__Teloschistales;f__Physciaceae;g__Physcia
SH100355.07FU_JQ926264_reps	k__Fungi;p__Ascomycota;c__Sordariomycetes;o__Diaporthales;f__Melanconidaceae;g__Melanconiella
SH089235.07FU_JF748067_reps	k__Fungi;p__Basidiomycota;c__Agaricomycetes;o__Thelephorales;f__Thelephoraceae;g__Tomentella
SH131145.07FU_EU784287_reps	k__Fungi;p__Basidiomycota;c__Agaricomycetes;o__Agaricales;f__Hygrophoraceae;g__Hygrocybe
SH130412.07FU_DQ641319_refs	k__Fungi;p__Zygomycota;c__Mucoromycotina_cls_Incertae_sedis;o__Mucorales;f__Rhizopodaceae;g__Rhizopus
SH547041.07FU_KT350941_refs	k__Fungi;p__Ascomycota;c__Pezizomycetes;o__Pezizales;f__Helvellaceae;g__Barssia
SH091770.07FU_KF766217_reps	k__Fungi;p__Ascomycota;c__Dothideomycetes;o__Botryosphaeriales;f__Botryosphaeriaceae;g__Phyllosticta
SH077773.07FU_KF800160_reps	k__Fungi;p__Ascomycota;c__Sordariomycetes;o__Hypocreales;f__Hypocreales_fam_Incertae_sedis;g__Myrothecium
SH089041.07FU_EU057018_refs	k__Fungi;p__Basidiomycota;c__Agaricomycetes;o__Agaricales;f__Cortinariaceae;g__Cortinarius
SH099469.07FU_EU569771_reps	k__Fungi;p__Ascomycota;c__Lecanoromycetes;o__Teloschistales;f__Teloschistaceae;g__Xanthoria
SH098860.07FU_LT000005_reps	k__Fungi;p__Basidiomycota;c__Agaricomycetes;o__Agaricales;f__Tricholomataceae;g__Tricholoma
SH093870.07FU_KC107839_refs	k__Fungi;p__Ascomycota;c__Arthoniomycetes;o__Arthoniales;f__Roccellaceae;g__Dirina
SH135201.07FU_EU292225_reps	k__Fungi;p__Basidiomycota;c__Agaricomycetes;o__Agaricales;f__Cortinariaceae;g__Cortinarius
SH102184.07FU_KC683445_reps	k__Fungi;p__Ascomycota;c__Sordariomycetes;o__Phyllachorales;f__Phyllachoraceae;g__Phyllachora
SH107258.07FU_JX256827_reps	k__Fungi;p__Ascomycota;c__Sordariomycetes;o__Xylariales;f__Xylariaceae;g__Xylaria
SH079026.07FU_KM594868_reps	k__Fungi;p__Basidiomycota;c__Agaricomycetes;o__Boletales;f__Boletaceae;g__Chalciporus
SH133251.07FU_HM190112_reps	k__Fungi;p__Basidiomycota;c__Agaricomycetes;o__Agaricales;f__Mycenaceae;g__Mycena
SH135440.07FU_KF732299_refs	k__Fungi;p__Basidiomycota;c__Agaricomycetes;o__Agaricales;f__Cortinariaceae;g__Cortinarius
SH079392.07FU_KC517480_refs	k__Fungi;p__Ascomycota;c__Pezizomycetes;o__Pezizales;f__Tuberaceae;g__Tuber
SH086264.07FU_GQ165686_reps	k__Fungi;p__Basidiomycota;c__Agaricomycetes;o__Agaricales;f__Cortinariaceae;g__Phaeocollybia
SH107880.07FU_KC967372_reps	k__Fungi;p__Ascomycota;c__Dothideomycetes;o__Hysteriales;f__Gloniaceae;g__Cenococcum
SH094304.07FU_UDB001359_refs	k__Fungi;p__Basidiomycota;c__Agaricomycetes;o__Agaricales;f__Cortinariaceae;g__Cortinarius
SH120834.07FU_AF491609_reps	k__Fungi;p__Ascomycota;c__Pezizomycetes;o__Pezizales;f__Pezizaceae;g__Peziza
SH090873.07FU_JN206015_reps	k__Fungi;p__Zygomycota;c__Mucoromycotina_cls_Incertae_sedis;o__Mucorales;f__Mucoraceae;g__Mucor
SH088083.07FU_EU669308_reps	k__Fungi;p__Basidiomycota;c__Agaricomycetes;o__Gomphales;f__Clavariadelphaceae;g__Clavariadelphus
SH134856.07FU_JQ723998_reps	k__Fungi;p__Basidiomycota;c__Agaricomycetes;o__Agaricales;f__Inocybaceae;g__Inocybe
SH077296.07FU_AY144533_reps	k__Fungi;p__Ascomycota;c__Leotiomycetes;o__Leotiales;f__Leotiaceae;g__Microglossum
SH093509.07FU_KF359672_reps	k__Fungi;p__Zygomycota;c__Mortierellomycotina_cls_Incertae_sedis;o__Mortierellales;f__Mortierellaceae;g__Mortierella
SH540908.07FU_JX312524_reps	k__Fungi;p__Zygomycota;c__Zoopagomycotina_cls_Incertae_sedis;o__Zoopagales;f__Piptocephalidaceae;g__Piptocephalis
SH130973.07FU_UDB003235_refs	k__Fungi;p__Basidiomycota;c__Agaricomycetes;o__Agaricales;f__Strophariaceae;g__Hebeloma
SH120394.07FU_GU169261_reps	k__Fungi;p__Ascomycota;c__Lecanoromycetes;o__Lecanorales;f__Cladoniaceae;g__Cladonia
SH482580.07FU_UDB011860_reps	k__Fungi;p__Basidiomycota;c__Agaricomycetes;o__Agaricales;f__Lyophyllaceae;g__Lyophyllum
SH134714.07FU_UDB011846_refs	k__Fungi;p__Basidiomycota;c__Agaricomycetes;o__Agaricales;f__Entolomataceae;g__Entoloma
SH133908.07FU_JX110073_reps	k__Fungi;p__Basidiomycota;c__Agaricomycetes;o__Hymenochaetales;f__Hymenochaetaceae;g__Phellinus
SH123621.07FU_JN638252_refs	k__Fungi;p__Ascomycota;c__Eurotiomycetes;o__Verrucariales;f__Verrucariaceae;g__Hydropunctaria
SH091174.07FU_AY870865_refs	k__Fungi;p__Ascomycota;c__Leotiomycetes;o__Erysiphales;f__Erysiphaceae;g__Phyllactinia
SH101631.07FU_UDB002316_refs	k__Fungi;p__Basidiomycota;c__Agaricomycetes;o__Agaricales;f__Amanitaceae;g__Amanita
SH113370.07FU_FJ200263_reps	k__Fungi;p__Ascomycota;c__Sordariomycetes;o__Microascales;f__Ceratocystidaceae;g__Ceratocystis
SH116850.07FU_AF201710_refs	k__Fungi;p__Ascomycota;c__Sordariomycetes;o__Xylariales;f__Xylariaceae;g__Hypoxylon
SH134809.07FU_FJ501580_reps	k__Fungi;p__Basidiomycota;c__Tremellomycetes;o__Tremellales;f__Tremellales_fam_Incertae_sedis;g__Tremella
SH109473.07FU_DQ826556_refs	k__Fungi;p__Basidiomycota;c__Agaricomycetes;o__Agaricomycetes_ord_Incertae_sedis;f__Agaricomycetes_fam_Incertae_sedis;g__Resinicium
SH096544.07FU_GU998595_reps	k__Fungi;p__Basidiomycota;c__Agaricomycetes;o__Russulales;f__Russulaceae;g__Russula
SH081783.07FU_FJ644284_reps	k__Fungi;p__Basidiomycota;c__Agaricomycetes;o__Polyporales;f__Fomitopsidaceae;g__Fibroporia
SH134595.07FU_FN556429_refs	k__Fungi;p__Zygomycota;c__Mucoromycotina_cls_Incertae_sedis;o__Mucorales;f__Saksenaeaceae;g__Apophysomyces
SH116733.07FU_DQ491504_reps	k__Fungi;p__Ascomycota;c__Pezizomycetes;o__Pezizales;f__Ascobolaceae;g__Ascobolus
SH096175.07FU_AF145324_refs	k__Fungi;p__Basidiomycota;c__Tremellomycetes;o__Tremellales;f__Tremellales_fam_Incertae_sedis;g__Cryptococcus
SH092081.07FU_KF002775_reps	k__Fungi;p__Basidiomycota;c__Agaricomycetes;o__Russulales;f__Russulaceae;g__Russula
SH094362.07FU_KF617576_reps	k__Fungi;p__Basidiomycota;c__Agaricomycetes;o__Agaricales;f__Cortinariaceae;g__Cortinarius
SH098889.07FU_KC166981_refs	k__Fungi;p__Ascomycota;c__Lecanoromycetes;o__Ostropales;f__Thelotremataceae;g__Diploschistes
SH084449.07FU_KF251258_refs	k__Fungi;p__Ascomycota;c__Dothideomycetes;o__Pleosporales;f__Phaeosphaeriaceae;g__Stagonospora
SH128117.07FU_EF200032_reps	k__Fungi;p__Basidiomycota;c__Ustilaginomycetes;o__Urocystidales;f__Glomosporiaceae;g__Thecaphora
SH125204.07FU_FJ481157_reps	k__Fungi;p__Ascomycota;c__Sordariomycetes;o__Xylariales;f__Xylariaceae;g__Annulohypoxylon
SH130457.07FU_UDB000314_refs	k__Fungi;p__Basidiomycota;c__Agaricomycetes;o__Russulales;f__Russulaceae;g__Russula
SH135602.07FU_KJ421015_reps	k__Fungi;p__Basidiomycota;c__Agaricomycetes;o__Agaricales;f__Cortinariaceae;g__Cortinarius
SH132769.07FU_JQ001856_reps	k__Fungi;p__Basidiomycota;c__Agaricomycetes;o__Polyporales;f__Polyporaceae;g__Perenniporia
SH126843.07FU_GU811245_reps	k__Fungi;p__Ascomycota;c__Pezizomycetes;o__Pezizales;f__Pyronemataceae;g__Trichophaea
SH091503.07FU_EU448275_refs	k__Fungi;p__Ascomycota;c__Eurotiomycetes;o__Eurotiales;f__Trichocomaceae;g__Aspergillus
SH135422.07FU_KF732253_refs	k__Fungi;p__Basidiomycota;c__Agaricomycetes;o__Agaricales;f__Cortinariaceae;g__Cortinarius
SH132811.07FU_AM712262_reps	k__Fungi;p__Basidiomycota;c__Agaricomycetes;o__Agaricales;f__Psathyrellaceae;g__Psathyrella
SH120521.07FU_UDB015525_reps	k__Fungi;p__Basidiomycota;c__Agaricomycetes;o__Agaricales;f__Inocybaceae;g__Crepidotus
SH119613.07FU_JN899380_refs	k__Fungi;p__Ascomycota;c__Eurotiomycetes;o__Eurotiales;f__Trichocomaceae;g__Talaromyces
SH125067.07FU_DQ534475_reps	k__Fungi;p__Ascomycota;c__Lecanoromycetes;o__Pertusariales;f__Pertusariaceae;g__Pertusaria
SH126346.07FU_KF764570_refs	k__Fungi;p__Ascomycota;c__Sordariomycetes;o__Diaporthales;f__Togniniaceae;g__Phaeoacremonium
SH080233.07FU_KF002767_reps	k__Fungi;p__Basidiomycota;c__Agaricomycetes;o__Russulales;f__Russulaceae;g__Russula
SH078108.07FU_KF206513_reps	k__Fungi;p__Glomeromycota;c__Glomeromycetes;o__Glomerales;f__Glomeraceae;g__Rhizophagus
SH090052.07FU_FJ820537_reps	k__Fungi;p__Basidiomycota;c__Agaricomycetes;o__Amylocorticiales;f__Amylocorticiaceae;g__Ceraceomyces
SH094351.07FU_KM273103_refs	k__Fungi;p__Basidiomycota;c__Agaricomycetes;o__Agaricales;f__Cortinariaceae;g__Cortinarius
SH100823.07FU_KJ706616_reps	k__Fungi;p__Basidiomycota;c__Microbotryomycetes;o__Leucosporidiales;f__Leucosporidiaceae;g__Leucosporidium
SH134347.07FU_AY667425_reps	k__Fungi;p__Basidiomycota;c__Agaricomycetes;o__Russulales;f__Russulaceae;g__Russula
SH104761.07FU_EU669322_reps	k__Fungi;p__Basidiomycota;c__Agaricomycetes;o__Gomphales;f__Gomphaceae;g__Ramaria
SH130345.07FU_UDB015205_refs	k__Fungi;p__Basidiomycota;c__Agaricomycetes;o__Agaricales;f__Tricholomataceae;g__Collybia
SH096303.07FU_KJ706561_reps	k__Fungi;p__Ascomycota;c__Saccharomycetes;o__Saccharomycetales;f__Saccharomycetales_fam_Incertae_sedis;g__Candida
SH135615.07FU_GU233326_refs	k__Fungi;p__Basidiomycota;c__Agaricomycetes;o__Agaricales;f__Cortinariaceae;g__Dermocybe
SH097749.07FU_KP192567_reps	k__Fungi;p__Basidiomycota;c__Agaricomycetes;o__Agaricales;f__Tricholomataceae;g__Clitocybe
SH136192.07FU_JQ397112_reps	k__Fungi;p__Ascomycota;c__Dothideomycetes;o__Botryosphaeriales;f__Botryosphaeriaceae;g__Phyllosticta
SH102585.07FU_EF029232_reps	k__Fungi;p__Ascomycota;c__Leotiomycetes;o__Helotiales;f__Helotiales_fam_Incertae_sedis;g__Spirosphaera
SH097833.07FU_KJ706358_reps	k__Fungi;p__Basidiomycota;c__Microbotryomycetes;o__Microbotryomycetes_ord_Incertae_sedis;f__Microbotryomycetes_fam_Incertae_sedis;g__Slooffia
SH111353.07FU_EU834223_reps	k__Fungi;p__Ascomycota;c__Pezizomycetes;o__Pezizales;f__Tuberaceae;g__Tuber
SH090868.07FU_JN198474_reps	k__Fungi;p__Zygomycota;c__Mucoromycotina_cls_Incertae_sedis;o__Mucorales;f__Mucoraceae;g__Mucor
SH134563.07FU_AY753348_refs	k__Fungi;p__Ascomycota;c__Eurotiomycetes;o__Onygenales;f__Onygenaceae;g__Aphanoascus
SH133184.07FU_GQ479254_reps	k__Fungi;p__Basidiomycota;c__Pucciniomycetes;o__Pucciniales;f__Melampsoraceae;g__Melampsora
SH129194.07FU_AY882946_refs	k__Fungi;p__Ascomycota;c__Sordariomycetes;o__Hypocreales;f__Hypocreales_fam_Incertae_sedis;g__Acremonium
SH122674.07FU_EF591924_refs	k__Fungi;p__Ascomycota;c__Dothideomycetes;o__Botryosphaeriales;f__Botryosphaeriaceae;g__Dothiorella
SH542051.07FU_KP133364_reps	k__Fungi;p__Ascomycota;c__Sordariomycetes;o__Xylariales;f__Xylariaceae;g__Xylaria
SH103415.07FU_FJ441627_reps	k__Fungi;p__Ascomycota;c__Dothideomycetes;o__Capnodiales;f__Mycosphaerellaceae;g__Stenella
SH095188.07FU_KC595955_reps	k__Fungi;p__Basidiomycota;c__Agaricomycetes;o__Polyporales;f__Polyporaceae;g__Tyromyces
SH122656.07FU_EU673332_refs	k__Fungi;p__Ascomycota;c__Dothideomycetes;o__Botryosphaeriales;f__Botryosphaeriaceae;g__Phaeobotryon
SH537273.07FU_KP133243_reps	k__Fungi;p__Basidiomycota;c__Agaricomycetes;o__Polyporales;f__Polyporaceae;g__Polyporus
SH120196.07FU_AB565769_reps	k__Fungi;p__Ascomycota;c__Saccharomycetes;o__Saccharomycetales;f__Saccharomycetaceae;g__Zygosaccharomyces
SH115683.07FU_AY204582_reps	k__Fungi;p__Ascomycota;c__Dothideomycetes;o__Pleosporales;f__Pleosporales_fam_Incertae_sedis;g__Anguillospora
SH537486.07FU_KM983339_reps	k__Fungi;p__Ascomycota;c__Lecanoromycetes;o__Lecanorales;f__Parmeliaceae;g__Parmotrema
SH536549.07FU_KU317838_reps	k__Fungi;p__Ascomycota;c__Sordariomycetes;o__Hypocreales;f__Hypocreaceae;g__Trichoderma
SH093388.07FU_EU518663_refs	k__Fungi;p__Ascomycota;c__Sordariomycetes;o__Hypocreales;f__Hypocreaceae;g__Trichoderma
SH085029.07FU_UDB000323_reps	k__Fungi;p__Basidiomycota;c__Agaricomycetes;o__Russulales;f__Russulaceae;g__Russula
SH135499.07FU_GU233342_refs	k__Fungi;p__Basidiomycota;c__Agaricomycetes;o__Agaricales;f__Cortinariaceae;g__Cortinarius
SH086566.07FU_EU784407_refs	k__Fungi;p__Basidiomycota;c__Agaricomycetes;o__Boletales;f__Sclerodermataceae;g__Scleroderma
SH134766.07FU_UDB015455_refs	k__Fungi;p__Basidiomycota;c__Agaricomycetes;o__Agaricales;f__Marasmiaceae;g__Marasmius
SH091148.07FU_AJ344112_reps	k__Fungi;p__Basidiomycota;c__Agaricomycetes;o__Boletales;f__Coniophoraceae;g__Coniophora
SH089046.07FU_KJ705134_reps	k__Fungi;p__Basidiomycota;c__Agaricomycetes;o__Agaricales;f__Cortinariaceae;g__Cortinarius
SH129828.07FU_UDB000654_refs	k__Fungi;p__Basidiomycota;c__Agaricomycetes;o__Boletales;f__Boletaceae;g__Boletus
SH131656.07FU_AJ697747_refs	k__Fungi;p__Ascomycota;c__Saccharomycetes;o__Saccharomycetales;f__Saccharomycetales_fam_Incertae_sedis;g__Candida
SH097756.07FU_AY315781_reps	k__Fungi;p__Basidiomycota;c__Agaricomycetes;o__Agaricales;f__Pleurotaceae;g__Pleurotus
SH112303.07FU_AM268197_refs	k__Fungi;p__Glomeromycota;c__Glomeromycetes;o__Archaeosporales;f__Ambisporaceae;g__Ambispora
SH079178.07FU_UDB019741_reps	k__Fungi;p__Basidiomycota;c__Agaricomycetes;o__Russulales;f__Russulaceae;g__Lactarius
SH083651.07FU_KC922119_reps	k__Fungi;p__Zygomycota;c__Mortierellomycotina_cls_Incertae_sedis;o__Mortierellales;f__Mortierellaceae;g__Mortierella
SH101747.07FU_EU343815_refs	k__Fungi;p__Ascomycota;c__Saccharomycetes;o__Saccharomycetales;f__Debaryomycetaceae;g__Scheffersomyces
SH080002.07FU_KJ706606_reps	k__Fungi;p__Ascomycota;c__Saccharomycetes;o__Saccharomycetales;f__Saccharomycodaceae;g__Hanseniaspora
SH080411.07FU_EU517056_refs	k__Fungi;p__Basidiomycota;c__Tremellomycetes;o__Tremellales;f__Tremellales_fam_Incertae_sedis;g__Derxomyces
SH093844.07FU_HQ604236_reps	k__Fungi;p__Basidiomycota;c__Agaricomycetes;o__Agaricales;f__Inocybaceae;g__Inocybe
SH102850.07FU_KC833162_reps	k__Fungi;p__Ascomycota;c__Leotiomycetes;o__Rhytismatales;f__Cudoniaceae;g__Cudonia
SH086524.07FU_JX646791_refs	k__Fungi;p__Ascomycota;c__Dothideomycetes;o__Botryosphaeriales;f__Botryosphaeriaceae;g__Botryosphaeria
SH096266.07FU_FM178314_refs	k__Fungi;p__Ascomycota;c__Saccharomycetes;o__Saccharomycetales;f__Debaryomycetaceae;g__Scheffersomyces
SH079798.07FU_JF908010_reps	k__Fungi;p__Basidiomycota;c__Agaricomycetes;o__Agaricales;f__Strophariaceae;g__Galerina
SH082721.07FU_FJ494925_reps	k__Fungi;p__Ascomycota;c__Lecanoromycetes;o__Lecanorales;f__Parmeliaceae;g__Usnea
SH104349.07FU_HQ604500_reps	k__Fungi;p__Basidiomycota;c__Agaricomycetes;o__Agaricales;f__Inocybaceae;g__Inocybe
SH128712.07FU_JN033445_reps	k__Fungi;p__Ascomycota;c__Leotiomycetes;o__Helotiales;f__Hyaloscyphaceae;g__Arachnopeziza
SH077029.07FU_KJ548127_reps	k__Fungi;p__Basidiomycota;c__Agaricomycetes;o__Agaricales;f__Agaricaceae;g__Agaricus
SH129882.07FU_AY158671_refs	k__Fungi;p__Basidiomycota;c__Exobasidiomycetes;o__Exobasidiomycetidae_ord_Incertae_sedis;f__Exobasidiomycetidae_fam_Incertae_sedis;g__Acaromyces
SH104341.07FU_UDB015152_refs	k__Fungi;p__Basidiomycota;c__Agaricomycetes;o__Polyporales;f__Polyporaceae;g__Neolentinus
SH102982.07FU_KC148361_refs	k__Fungi;p__Ascomycota;c__Lecanoromycetes;o__Lecanorales;f__Cladoniaceae;g__Cladia
SH125302.07FU_AY621767_reps	k__Fungi;p__Basidiomycota;c__Agaricomycetes;o__Russulales;f__Albatrellaceae;g__Leucophleps
SH110136.07FU_FJ904962_reps	k__Fungi;p__Basidiomycota;c__Agaricomycetes;o__Agaricales;f__Marasmiaceae;g__Marasmius
SH120253.07FU_JQ967277_reps	k__Fungi;p__Basidiomycota;c__Agaricomycetes;o__Boletales;f__Boletaceae;g__Phylloporus
SH130947.07FU_KF777169_refs	k__Fungi;p__Ascomycota;c__Sordariomycetes;o__Sordariomycetes_ord_Incertae_sedis;f__Sordariomycetes_fam_Incertae_sedis;g__Myrmecridium
SH083615.07FU_AF139956_reps	k__Fungi;p__Basidiomycota;c__Agaricomycetes;o__Agaricales;f__Pleurotaceae;g__Hohenbuehelia
SH089038.07FU_AY174849_reps	k__Fungi;p__Basidiomycota;c__Agaricomycetes;o__Agaricales;f__Cortinariaceae;g__Cortinarius
SH104075.07FU_KC445295_reps	k__Fungi;p__Ascomycota;c__Eurotiomycetes;o__Chaetothyriales;f__Herpotrichiellaceae;g__Phialophora
SH091724.07FU_JX623941_refs	k__Fungi;p__Basidiomycota;c__Agaricomycetes;o__Polyporales;f__Phanerochaetaceae;g__Ceriporia
SH106655.07FU_JX444634_reps	k__Fungi;p__Ascomycota;c__Sordariomycetes;o__Ophiostomatales;f__Ophiostomataceae;g__Leptographium
SH079176.07FU_UDB017888_reps	k__Fungi;p__Basidiomycota;c__Agaricomycetes;o__Russulales;f__Russulaceae;g__Lactarius
SH114516.07FU_AF201703_reps	k__Fungi;p__Ascomycota;c__Sordariomycetes;o__Xylariales;f__Xylariaceae;g__Nemania
SH112080.07FU_FJ623608_refs	k__Fungi;p__Ascomycota;c__Saccharomycetes;o__Saccharomycetales;f__Saccharomycetales_fam_Incertae_sedis;g__Candida
SH135340.07FU_JQ928170_reps	k__Fungi;p__Basidiomycota;c__Agaricomycetes;o__Agaricales;f__Cortinariaceae;g__Cortinarius
SH077012.07FU_KF114474_refs	k__Fungi;p__Basidiomycota;c__Agaricomycetes;o__Agaricales;f__Agaricaceae;g__Agaricus
SH132236.07FU_GU222325_reps	k__Fungi;p__Basidiomycota;c__Agaricomycetes;o__Russulales;f__Russulaceae;g__Russula
SH104923.07FU_FJ717594_reps	k__Fungi;p__Basidiomycota;c__Agaricomycetes;o__Agaricales;f__Cortinariaceae;g__Cortinarius
SH537112.07FU_KU934651_reps	k__Fungi;p__Ascomycota;c__Lecanoromycetes;o__Lecanorales;f__Lecanoraceae;g__Rhizoplaca
SH095064.07FU_KF644359_reps	k__Fungi;p__Ascomycota;c__Lecanoromycetes;o__Lecanorales;f__Stereocaulaceae;g__Stereocaulon
SH129444.07FU_JN942689_reps	k__Fungi;p__Zygomycota;c__Mucoromycotina_cls_Incertae_sedis;o__Mucorales;f__Pilobolaceae;g__Pilobolus
SH109632.07FU_UDB017874_reps	k__Fungi;p__Ascomycota;c__Geoglossomycetes;o__Geoglossales;f__Geoglossaceae;g__Geoglossum
SH084172.07FU_KF583549_reps	k__Fungi;p__Ascomycota;c__Lecanoromycetes;o__Lecanorales;f__Ramalinaceae;g__Ramalina
SH097306.07FU_HM217757_reps	k__Fungi;p__Ascomycota;c__Sordariomycetes;o__Hypocreales;f__Hypocreaceae;g__Trichoderma
SH125287.07FU_EU402591_reps	k__Fungi;p__Basidiomycota;c__Agaricomycetes;o__Polyporales;f__Fomitopsidaceae;g__Pycnoporellus
SH110201.07FU_DQ493559_reps	k__Fungi;p__Basidiomycota;c__Agaricomycetes;o__Boletales;f__Calostomataceae;g__Calostoma
SH133590.07FU_KJ411955_reps	k__Fungi;p__Basidiomycota;c__Agaricomycetes;o__Agaricales;f__Hydnangiaceae;g__Laccaria
SH080047.07FU_FJ596841_reps	k__Fungi;p__Basidiomycota;c__Agaricomycetes;o__Agaricales;f__Omphalotaceae;g__Marasmiellus
SH131192.07FU_AB071801_reps	k__Fungi;p__Basidiomycota;c__Agaricomycetes;o__Agaricales;f__Psathyrellaceae;g__Coprinopsis
SH098475.07FU_GQ851711_reps	k__Fungi;p__Basidiomycota;c__Agaricomycetes;o__Polyporales;f__Phanerochaetaceae;g__Phanerochaete
SH102257.07FU_AF054858_refs	k__Fungi;p__Ascomycota;c__Sordariomycetes;o__Hypocreales;f__Hypocreaceae;g__Sepedonium
SH549283.07FU_KJ417256_reps	k__Fungi;p__Basidiomycota;c__Agaricomycetes;o__Agaricales;f__Tricholomataceae;g__Albomagister
SH083015.07FU_AB291747_reps	k__Fungi;p__Basidiomycota;c__Agaricomycetes;o__Russulales;f__Russulaceae;g__Russula
SH092691.07FU_KR183856_refs	k__Fungi;p__Basidiomycota;c__Agaricomycetes;o__Polyporales;f__Ganodermataceae;g__Ganoderma
SH089736.07FU_EU586043_reps	k__Fungi;p__Ascomycota;c__Sordariomycetes;o__Hypocreales;f__Ophiocordycipitaceae;g__Tolypocladium
SH112287.07FU_UDB019756_reps	k__Fungi;p__Ascomycota;c__Leotiomycetes;o__Helotiales;f__Sclerotiniaceae;g__Encoelia
SH118395.07FU_KF724849_reps	k__Fungi;p__Ascomycota;c__Eurotiomycetes;o__Onygenales;f__Ajellomycetaceae;g__Histoplasma
SH132504.07FU_EU645595_reps	k__Fungi;p__Basidiomycota;c__Agaricomycetes;o__Russulales;f__Russulaceae;g__Lactarius
SH135336.07FU_UDB001082_refs	k__Fungi;p__Basidiomycota;c__Agaricomycetes;o__Agaricales;f__Cortinariaceae;g__Cortinarius
SH134455.07FU_Z97997_refs	k__Fungi;p__Ascomycota;c__Eurotiomycetes;o__Onygenales;f__Arthrodermataceae;g__Trichophyton
SH549492.07FU_KM433854_reps	k__Fungi;p__Ascomycota;c__Sordariomycetes;o__Xylariales;f__Diatrypaceae;g__Eutypella
SH105131.07FU_KF618032_reps	k__Fungi;p__Basidiomycota;c__Agaricomycetes;o__Agaricales;f__Inocybaceae;g__Inocybe
SH106039.07FU_KF800148_reps	k__Fungi;p__Ascomycota;c__Eurotiomycetes;o__Eurotiales;f__Trichocomaceae;g__Aspergillus
SH130073.07FU_HM562091_reps	k__Fungi;p__Basidiomycota;c__Agaricomycetes;o__Agaricales;f__Pluteaceae;g__Pluteus
SH135289.07FU_UDB021507_refs	k__Fungi;p__Basidiomycota;c__Agaricomycetes;o__Agaricales;f__Cortinariaceae;g__Cortinarius
SH110048.07FU_HM583830_reps	k__Fungi;p__Basidiomycota;c__Agaricomycetes;o__Agaricales;f__Strophariaceae;g__Hypholoma
SH120390.07FU_AY170788_reps	k__Fungi;p__Ascomycota;c__Lecanoromycetes;o__Lecanorales;f__Cladoniaceae;g__Cladonia
SH091127.07FU_EU913701_reps	k__Fungi;p__Ascomycota;c__Sordariomycetes;o__Ophiostomatales;f__Ophiostomataceae;g__Ceratocystiopsis
SH077363.07FU_AY877417_reps	k__Fungi;p__Basidiomycota;c__Microbotryomycetes;o__Microbotryales;f__Microbotryaceae;g__Microbotryum
SH134901.07FU_JN943149_reps	k__Fungi;p__Ascomycota;c__Saccharomycetes;o__Saccharomycetales;f__Lipomycetaceae;g__Lipomyces
SH134609.07FU_EF560665_reps	k__Fungi;p__Basidiomycota;c__Agaricomycetes;o__Russulales;f__Russulaceae;g__Lactarius
SH536305.07FU_KT218439_reps	k__Fungi;p__Basidiomycota;c__Agaricomycetes;o__Agaricales;f__Strophariaceae;g__Hebeloma
SH121416.07FU_JN845115_reps	k__Fungi;p__Basidiomycota;c__Agaricomycetes;o__Geastrales;f__Geastraceae;g__Geastrum
SH106685.07FU_JF340253_reps	k__Fungi;p__Ascomycota;c__Sordariomycetes;o__Chaetosphaeriales;f__Chaetosphaeriaceae;g__Chaetosphaeria
SH123793.07FU_DQ425041_reps	k__Fungi;p__Basidiomycota;c__Pucciniomycetes;o__Pucciniales;f__Uropyxidaceae;g__Tranzschelia
SH102678.07FU_AB509369_reps	k__Fungi;p__Ascomycota;c__Sordariomycetes;o__Sordariales;f__Chaetomiaceae;g__Chaetomium
SH123868.07FU_JF439176_refs	k__Fungi;p__Glomeromycota;c__Glomeromycetes;o__Glomerales;f__Glomeraceae;g__Septoglomus
SH100934.07FU_JX984699_reps	k__Fungi;p__Ascomycota;c__Dothideomycetes;o__Botryosphaeriales;f__Aplosporellaceae;g__Aplosporella
SH105459.07FU_AB733437_refs	k__Fungi;p__Ascomycota;c__Dothideomycetes;o__Dothideomycetes_ord_Incertae_sedis;f__Dothideomycetes_fam_Incertae_sedis;g__Minutisphaera
SH546533.07FU_KM247709_reps	k__Fungi;p__Basidiomycota;c__Agaricomycetes;o__Agaricales;f__Cortinariaceae;g__Cortinarius
SH083751.07FU_UDB000771_reps	k__Fungi;p__Basidiomycota;c__Agaricomycetes;o__Gomphales;f__Gomphaceae;g__Ramaria
SH134923.07FU_AB073501_reps	k__Fungi;p__Basidiomycota;c__Agaricomycetes;o__Agaricales;f__Lyophyllaceae;g__Termitomyces
SH098282.07FU_JQ065029_reps	k__Fungi;p__Basidiomycota;c__Agaricomycetes;o__Agaricales;f__Pluteaceae;g__Pluteus
SH119811.07FU_UDB011817_reps	k__Fungi;p__Basidiomycota;c__Agaricomycetes;o__Agaricales;f__Inocybaceae;g__Inocybe
SH111724.07FU_JX848573_refs	k__Fungi;p__Ascomycota;c__Eurotiomycetes;o__Verrucariales;f__Verrucariaceae;g__Verrucaria
SH129512.07FU_AF180185_reps	k__Fungi;p__Basidiomycota;c__Pucciniomycetes;o__Pucciniales;f__Pucciniaceae;g__Uromyces
SH108517.07FU_KC305117_reps	k__Fungi;p__Ascomycota;c__Sordariomycetes;o__Microascales;f__Ceratocystidaceae;g__Endoconidiophora
SH547066.07FU_KT358873_reps	k__Fungi;p__Ascomycota;c__Eurotiomycetes;o__Eurotiales;f__Trichocomaceae;g__Aspergillus
SH122163.07FU_HQ699627_reps	k__Fungi;p__Ascomycota;c__Lecanoromycetes;o__Teloschistales;f__Teloschistaceae;g__Xanthocarpia
SH136190.07FU_JQ396997_reps	k__Fungi;p__Ascomycota;c__Dothideomycetes;o__Botryosphaeriales;f__Botryosphaeriaceae;g__Phyllosticta
SH547153.07FU_KF741600_reps	k__Fungi;p__Ascomycota;c__Orbiliomycetes;o__Orbiliales;f__Orbiliaceae;g__Orbilia
SH128132.07FU_HQ897820_refs	k__Fungi;p__Ascomycota;c__Sordariomycetes;o__Hypocreales;f__Nectriaceae;g__Microcera
SH132175.07FU_HQ604628_reps	k__Fungi;p__Basidiomycota;c__Agaricomycetes;o__Agaricales;f__Inocybaceae;g__Inocybe
SH103377.07FU_AY629431_refs	k__Fungi;p__Ascomycota;c__Eurotiomycetes;o__Eurotiomycetidae_ord_Incertae_sedis;f__Monascaceae;g__Monascus
SH109726.07FU_KC437637_reps	k__Fungi;p__Ascomycota;c__Lecanoromycetes;o__Peltigerales;f__Peltigeraceae;g__Peltigera
SH120320.07FU_HQ693875_reps	k__Fungi;p__Basidiomycota;c__Agaricomycetes;o__Boletales;f__Boletaceae;g__Rossbeevera
SH083858.07FU_EU668932_reps	k__Fungi;p__Basidiomycota;c__Agaricomycetes;o__Russulales;f__Russulaceae;g__Russula
SH129538.07FU_JF832674_refs	k__Fungi;p__Ascomycota;c__Sordariomycetes;o__Hypocreales;f__Nectriaceae;g__Pleonectria
SH100138.07FU_EF016381_refs	k__Fungi;p__Ascomycota;c__Eurotiomycetes;o__Chaetothyriales;f__Herpotrichiellaceae;g__Cladophialophora
SH087007.07FU_GU461951_refs	k__Fungi;p__Basidiomycota;c__Agaricomycetes;o__Hymenochaetales;f__Hymenochaetaceae;g__Fomitiporia
SH094400.07FU_UDB000064_reps	k__Fungi;p__Basidiomycota;c__Agaricomycetes;o__Agaricales;f__Cortinariaceae;g__Cortinarius
SH129989.07FU_GU328526_reps	k__Fungi;p__Basidiomycota;c__Agaricomycetes;o__Agaricales;f__Marasmiaceae;g__Marasmius
SH110022.07FU_GU054157_reps	k__Fungi;p__Basidiomycota;c__Agaricomycetes;o__Polyporales;f__Meripilaceae;g__Rigidoporus
SH102256.07FU_AF054847_refs	k__Fungi;p__Ascomycota;c__Sordariomycetes;o__Hypocreales;f__Hypocreaceae;g__Hypomyces
SH551692.07FU_KU934875_reps	k__Fungi;p__Ascomycota;c__Lecanoromycetes;o__Lecanorales;f__Lecanoraceae;g__Rhizoplaca
SH135511.07FU_KF732247_refs	k__Fungi;p__Basidiomycota;c__Agaricomycetes;o__Agaricales;f__Cortinariaceae;g__Cortinarius
SH128380.07FU_U66012_reps	k__Fungi;p__Ascomycota;c__Pezizomycetes;o__Pezizales;f__Sarcoscyphaceae;g__Sarcoscypha
SH077780.07FU_FJ613806_reps	k__Fungi;p__Ascomycota;c__Sordariomycetes;o__Hypocreales;f__Hypocreales_fam_Incertae_sedis;g__Myrothecium
SH545828.07FU_LN810816_reps	k__Fungi;p__Ascomycota;c__Lecanoromycetes;o__Acarosporales;f__Acarosporaceae;g__Polysporina
SH095026.07FU_U88233_reps	k__Fungi;p__Basidiomycota;c__Pucciniomycetes;o__Pucciniales;f__Pucciniaceae;g__Puccinia
SH079077.07FU_AB365456_reps	k__Fungi;p__Ascomycota;c__Saccharomycetes;o__Saccharomycetales;f__Saccharomycetales_fam_Incertae_sedis;g__Candida
SH132791.07FU_JN159544_reps	k__Fungi;p__Basidiomycota;c__Agaricomycetes;o__Agaricales;f__Psathyrellaceae;g__Coprinellus
SH136250.07FU_JQ397022_reps	k__Fungi;p__Ascomycota;c__Dothideomycetes;o__Botryosphaeriales;f__Botryosphaeriaceae;g__Phyllosticta
SH087872.07FU_GQ913397_reps	k__Fungi;p__Basidiomycota;c__Agaricomycetes;o__Agaricales;f__Physalacriaceae;g__Hymenopellis
SH092323.07FU_JN206287_reps	k__Fungi;p__Zygomycota;c__Mucoromycotina_cls_Incertae_sedis;o__Mucorales;f__Cunninghamellaceae;g__Gongronella
SH093016.07FU_KJ530705_reps	k__Fungi;p__Ascomycota;c__Leotiomycetes;o__Erysiphales;f__Erysiphaceae;g__Erysiphe
SH083231.07FU_UDB018800_reps	k__Fungi;p__Basidiomycota;c__Agaricomycetes;o__Agaricales;f__Agaricaceae;g__Tulostoma
SH537113.07FU_KU934552_reps	k__Fungi;p__Ascomycota;c__Lecanoromycetes;o__Lecanorales;f__Lecanoraceae;g__Protoparmeliopsis
SH109994.07FU_AB175238_reps	k__Fungi;p__Ascomycota;c__Eurotiomycetes;o__Eurotiales;f__Trichocomaceae;g__Penicillium
SH099773.07FU_EU142919_reps	k__Fungi;p__Ascomycota;c__Lecanoromycetes;o__Lecanorales;f__Parmeliaceae;g__Cetrelia
SH123989.07FU_EF026144_reps	k__Fungi;p__Ascomycota;c__Sordariomycetes;o__Xylariales;f__Xylariaceae;g__Daldinia
SH112464.07FU_EU558710_reps	k__Fungi;p__Ascomycota;c__Lecanoromycetes;o__Peltigerales;f__Lobariaceae;g__Pseudocyphellaria
SH121955.07FU_FN812805_reps	k__Fungi;p__Ascomycota;c__Leotiomycetes;o__Helotiales;f__Helotiales_fam_Incertae_sedis;g__Scytalidium
SH092553.07FU_UDB000625_reps	k__Fungi;p__Basidiomycota;c__Agaricomycetes;o__Agaricales;f__Inocybaceae;g__Inocybe
SH116330.07FU_EU484289_reps	k__Fungi;p__Zygomycota;c__Mucoromycotina_cls_Incertae_sedis;o__Mucorales;f__Cunninghamellaceae;g__Absidia
SH133712.07FU_KC306753_refs	k__Fungi;p__Basidiomycota;c__Agaricomycetes;o__Boletales;f__Rhizopogonaceae;g__Rhizopogon
SH106437.07FU_KC585319_reps	k__Fungi;p__Basidiomycota;c__Agaricomycetes;o__Polyporales;f__Meruliaceae;g__Crustoderma
SH133263.07FU_UDB011809_reps	k__Fungi;p__Basidiomycota;c__Agaricomycetes;o__Agaricales;f__Mycenaceae;g__Mycena
SH109521.07FU_AB470862_reps	k__Fungi;p__Ascomycota;c__Sordariomycetes;o__Diaporthales;f__Diaporthaceae;g__Diaporthe
SH130752.07FU_JF701771_reps	k__Fungi;p__Basidiomycota;c__Agaricomycetes;o__Cantharellales;f__Ceratobasidiaceae;g__Thanatephorus
SH079043.07FU_AM882877_refs	k__Fungi;p__Basidiomycota;c__Agaricomycetes;o__Agaricales;f__Inocybaceae;g__Inocybe
SH107210.07FU_HM467591_reps	k__Fungi;p__Basidiomycota;c__Agaricomycetes;o__Polyporales;f__Polyporaceae;g__Perenniporiella
SH116961.07FU_DQ339559_reps	k__Fungi;p__Ascomycota;c__Eurotiomycetes;o__Eurotiales;f__Trichocomaceae;g__Penicillium
SH128261.07FU_DQ401100_reps	k__Fungi;p__Ascomycota;c__Lecanoromycetes;o__Lecanorales;f__Stereocaulaceae;g__Lepraria
SH099095.07FU_FN185965_refs	k__Fungi;p__Ascomycota;c__Lecanoromycetes;o__Umbilicariales;f__Umbilicariaceae;g__Umbilicaria
SH124790.07FU_KC965881_reps	k__Fungi;p__Ascomycota;c__Pezizomycetes;o__Pezizales;f__Pyronemataceae;g__Geopora
SH544968.07FU_KP133318_reps	k__Fungi;p__Ascomycota;c__Sordariomycetes;o__Xylariales;f__Xylariaceae;g__Xylaria
SH095181.07FU_KF727432_reps	k__Fungi;p__Basidiomycota;c__Agaricomycetes;o__Polyporales;f__Fomitopsidaceae;g__Postia
SH134734.07FU_HM069433_reps	k__Fungi;p__Basidiomycota;c__Agaricomycetes;o__Agaricales;f__Entolomataceae;g__Entoloma
SH128442.07FU_JF417478_refs	k__Fungi;p__Ascomycota;c__Eurotiomycetes;o__Eurotiales;f__Trichocomaceae;g__Rasamsonia
SH117963.07FU_HQ832980_reps	k__Fungi;p__Ascomycota;c__Sordariomycetes;o__Hypocreales;f__Hypocreales_fam_Incertae_sedis;g__Acremonium
SH114292.07FU_AM269766_reps	k__Fungi;p__Basidiomycota;c__Agaricomycetes;o__Polyporales;f__Polyporaceae;g__Fomes
SH114300.07FU_AF486121_refs	k__Fungi;p__Ascomycota;c__Leotiomycetes;o__Helotiales;f__Vibrisseaceae;g__Phialocephala
SH132222.07FU_DQ367916_reps	k__Fungi;p__Basidiomycota;c__Agaricomycetes;o__Russulales;f__Russulaceae;g__Russula
SH132501.07FU_UDB000326_refs	k__Fungi;p__Basidiomycota;c__Agaricomycetes;o__Russulales;f__Russulaceae;g__Lactarius
SH079788.07FU_UDB015264_reps	k__Fungi;p__Basidiomycota;c__Agaricomycetes;o__Agaricales;f__Strophariaceae;g__Galerina
SH104476.07FU_AJ534280_reps	k__Fungi;p__Basidiomycota;c__Agaricomycetes;o__Polyporales;f__Meruliaceae;g__Hyphoderma
SH083816.07FU_U85794_reps	k__Fungi;p__Basidiomycota;c__Agaricomycetes;o__Atheliales;f__Atheliaceae;g__Athelia
SH122086.07FU_KC581971_reps	k__Fungi;p__Basidiomycota;c__Agaricomycetes;o__Geastrales;f__Geastraceae;g__Geastrum
SH086947.07FU_UDB000079_refs	k__Fungi;p__Basidiomycota;c__Agaricomycetes;o__Boletales;f__Boletaceae;g__Boletus
SH106384.07FU_KF577778_reps	k__Fungi;p__Ascomycota;c__Dothideomycetes;o__Myriangiales;f__Elsinoaceae;g__Elsinoë
SH096190.07FU_UDB015595_refs	k__Fungi;p__Basidiomycota;c__Agaricomycetes;o__Agaricales;f__Pluteaceae;g__Volvariella
SH108122.07FU_HG796963_reps	k__Fungi;p__Basidiomycota;c__Agaricomycetes;o__Agaricales;f__Inocybaceae;g__Inocybe
SH094420.07FU_KP013203_refs	k__Fungi;p__Basidiomycota;c__Agaricomycetes;o__Agaricales;f__Cortinariaceae;g__Cortinarius
SH097482.07FU_FJ717589_reps	k__Fungi;p__Basidiomycota;c__Agaricomycetes;o__Agaricales;f__Cortinariaceae;g__Cortinarius
SH125393.07FU_EU707893_refs	k__Fungi;p__Ascomycota;c__Dothideomycetes;o__Capnodiales;f__Teratosphaeriaceae;g__Batcheloromyces
SH079555.07FU_AJ272407_reps	k__Fungi;p__Basidiomycota;c__Agaricomycetes;o__Boletales;f__Suillaceae;g__Suillus
SH090722.07FU_FR748046_reps	k__Fungi;p__Ascomycota;c__Pezizomycotina_cls_Incertae_sedis;o__Pezizomycotina_ord_Incertae_sedis;f__Pezizomycotina_fam_Incertae_sedis;g__Phaeocytostroma
SH120403.07FU_FN868596_reps	k__Fungi;p__Ascomycota;c__Lecanoromycetes;o__Lecanorales;f__Cladoniaceae;g__Cladonia
SH086038.07FU_AF444440_refs	k__Fungi;p__Basidiomycota;c__Tremellomycetes;o__Trichosporonales;f__Trichosporonaceae;g__Apiotrichum
SH082643.07FU_HQ725016_reps	k__Fungi;p__Ascomycota;c__Lecanoromycetes;o__Lecanorales;f__Parmeliaceae;g__Hypogymnia
SH094709.07FU_AB044372_refs	k__Fungi;p__Ascomycota;c__Leotiomycetes;o__Erysiphales;f__Erysiphaceae;g__Leveillula
SH087691.07FU_FJ596790_reps	k__Fungi;p__Basidiomycota;c__Agaricomycetes;o__Agaricales;f__Marasmiaceae;g__Gerronema
SH119786.07FU_AY740070_reps	k__Fungi;p__Basidiomycota;c__Ustilaginomycetes;o__Ustilaginales;f__Ustilaginaceae;g__Sporisorium
SH111791.07FU_UDB001191_refs	k__Fungi;p__Basidiomycota;c__Agaricomycetes;o__Agaricales;f__Hygrophoraceae;g__Hygrophorus
SH102795.07FU_JN573178_reps	k__Fungi;p__Ascomycota;c__Sordariomycetes;o__Sordariales;f__Sordariales_fam_Incertae_sedis;g__Madurella
SH112651.07FU_KC732690_reps	k__Fungi;p__Ascomycota;c__Lecanoromycetes;o__Peltigerales;f__Lobariaceae;g__Sticta
SH096649.07FU_UDB011572_refs	k__Fungi;p__Basidiomycota;c__Agaricomycetes;o__Agaricales;f__Tricholomataceae;g__Tricholoma
SH126826.07FU_AY542866_reps	k__Fungi;p__Basidiomycota;c__Agaricomycetes;o__Agaricales;f__Hygrophoraceae;g__Lichenomphalia
SH544182.07FU_KJ938864_reps	k__Fungi;p__Ascomycota;c__Pezizomycetes;o__Pezizales;f__Pyronemataceae;g__Genea
SH094371.07FU_KJ206506_reps	k__Fungi;p__Basidiomycota;c__Agaricomycetes;o__Agaricales;f__Cortinariaceae;g__Cortinarius
SH536555.07FU_KU213582_reps	k__Fungi;p__Basidiomycota;c__Agaricomycetes;o__Corticiales;f__Corticiaceae;g__Corticium
SH112533.07FU_GU228970_reps	k__Fungi;p__Ascomycota;c__Eurotiomycetes;o__Verrucariales;f__Verrucariaceae;g__Catapyrenium
SH540559.07FU_KF917543_reps	k__Fungi;p__Basidiomycota;c__Agaricomycetes;o__Hymenochaetales;f__Schizoporaceae;g__Hyphodontia
SH087562.07FU_DQ295106_refs	k__Fungi;p__Basidiomycota;c__Agaricomycetes;o__Agaricales;f__Cortinariaceae;g__Cortinarius
SH081970.07FU_KC782527_reps	k__Fungi;p__Basidiomycota;c__Agaricomycetes;o__Hymenochaetales;f__Hymenochaetaceae;g__Phellinus
SH099529.07FU_AB670716_reps	k__Fungi;p__Ascomycota;c__Sordariomycetes;o__Xylariales;f__Xylariaceae;g__Virgaria
SH099102.07FU_AF096203_reps	k__Fungi;p__Ascomycota;c__Lecanoromycetes;o__Umbilicariales;f__Umbilicariaceae;g__Lasallia
SH131320.07FU_JQ390311_reps	k__Fungi;p__Ascomycota;c__Sordariomycetes;o__Magnaporthales;f__Magnaporthaceae;g__Magnaporthe
SH109431.07FU_GU199417_reps	k__Fungi;p__Ascomycota;c__Sordariomycetes;o__Diaporthales;f__Valsaceae;g__Cytospora
SH088963.07FU_AY035650_reps	k__Fungi;p__Glomeromycota;c__Glomeromycetes;o__Glomerales;f__Glomeraceae;g__Funneliformis
SH546244.07FU_KM975437_reps	k__Fungi;p__Basidiomycota;c__Agaricomycetes;o__Agaricales;f__Strophariaceae;g__Leratiomyces
SH104000.07FU_KJ409638_reps	k__Fungi;p__Basidiomycota;c__Agaricomycetes;o__Polyporales;f__Meruliaceae;g__Steccherinum
SH125353.07FU_EU882132_refs	k__Fungi;p__Ascomycota;c__Dothideomycetes;o__Capnodiales;f__Teratosphaeriaceae;g__Myrtapenidiella
SH096378.07FU_UDB013709_reps	k__Fungi;p__Ascomycota;c__Pezizomycetes;o__Pezizales;f__Tuberaceae;g__Tuber
SH077691.07FU_GU227704_reps	k__Fungi;p__Basidiomycota;c__Agaricomycetes;o__Agaricales;f__Psathyrellaceae;g__Coprinellus
SH107034.07FU_AY790540_refs	k__Fungi;p__Ascomycota;c__Saccharomycetes;o__Saccharomycetales;f__Saccharomycetales_fam_Incertae_sedis;g__Candida
SH094809.07FU_JQ801385_reps	k__Fungi;p__Basidiomycota;c__Agaricomycetes;o__Agaricales;f__Inocybaceae;g__Inocybe
SH115529.07FU_JF770455_reps	k__Fungi;p__Ascomycota;c__Dothideomycetes;o__Capnodiales;f__Mycosphaerellaceae;g__Sphaerulina
SH108542.07FU_KF212312_reps	k__Fungi;p__Ascomycota;c__Sordariomycetes;o__Xylariales;f__Amphisphaeriaceae;g__Monochaetia
SH135269.07FU_UDB001171_refs	k__Fungi;p__Basidiomycota;c__Agaricomycetes;o__Agaricales;f__Cortinariaceae;g__Cortinarius
SH090533.07FU_AY196779_refs	k__Fungi;p__Ascomycota;c__Sordariomycetes;o__Diaporthales;f__Diaporthaceae;g__Diaporthe
SH119381.07FU_AY313295_refs	k__Fungi;p__Basidiomycota;c__Agaricomycetes;o__Agaricales;f__Omphalotaceae;g__Rhodocollybia
SH097575.07FU_EU330637_reps	k__Fungi;p__Ascomycota;c__Sordariomycetes;o__Hypocreomycetidae_ord_Incertae_sedis;f__Plectosphaerellaceae;g__Verticillium
SH105940.07FU_UDB008727_reps	k__Fungi;p__Basidiomycota;c__Agaricomycetes;o__Atheliales;f__Atheliaceae;g__Amphinema
SH120880.07FU_KC193586_refs	k__Fungi;p__Ascomycota;c__Dothideomycetes;o__Botryosphaeriales;f__Botryosphaeriaceae;g__Phyllosticta
SH133289.07FU_KF692075_reps	k__Fungi;p__Basidiomycota;c__Agaricomycetes;o__Agaricales;f__Mycenaceae;g__Mycena
SH539323.07FU_KM522813_reps	k__Fungi;p__Basidiomycota;c__Agaricomycetes;o__Agaricales;f__Entolomataceae;g__Entoloma
SH107803.07FU_UDB016415_refs	k__Fungi;p__Basidiomycota;c__Agaricomycetes;o__Polyporales;f__Fomitopsidaceae;g__Postia
SH121529.07FU_AY463485_refs	k__Fungi;p__Basidiomycota;c__Agaricomycetes;o__Agaricales;f__Hygrophoraceae;g__Hygrophorus
SH105796.07FU_KP165563_refs	k__Fungi;p__Basidiomycota;c__Agaricomycetes;o__Agaricales;f__Cortinariaceae;g__Cortinarius
SH115386.07FU_AF228303_refs	k__Fungi;p__Ascomycota;c__Lecanoromycetes;o__Lecanorales;f__Parmeliaceae;g__Cetraria
SH543994.07FU_KM588684_reps	k__Fungi;p__Basidiomycota;c__Agaricomycetes;o__Agaricales;f__Physalacriaceae;g__Cyptotrama
SH091044.07FU_KC987561_reps	k__Fungi;p__Basidiomycota;c__Agaricomycetes;o__Polyporales;f__Sparassidaceae;g__Sparassis
SH092076.07FU_AY606960_reps	k__Fungi;p__Basidiomycota;c__Agaricomycetes;o__Russulales;f__Russulaceae;g__Russula
SH079552.07FU_GU134503_refs	k__Fungi;p__Basidiomycota;c__Agaricomycetes;o__Boletales;f__Suillaceae;g__Suillus
SH129746.07FU_UDB015718_refs	k__Fungi;p__Basidiomycota;c__Agaricomycetes;o__Agaricales;f__Tricholomataceae;g__Melanoleuca
SH091654.07FU_DQ398957_refs	k__Fungi;p__Basidiomycota;c__Agaricomycetes;o__Cantharellales;f__Ceratobasidiaceae;g__Rhizoctonia
SH536681.07FU_KP347534_reps	k__Fungi;p__Basidiomycota;c__Agaricomycetes;o__Hymenochaetales;f__Hymenochaetaceae;g__Phellinus
SH087743.07FU_JN206041_refs	k__Fungi;p__Zygomycota;c__Mucoromycotina_cls_Incertae_sedis;o__Mucorales;f__Mucoraceae;g__Mucor
SH082018.07FU_GU991575_reps	k__Fungi;p__Basidiomycota;c__Agaricomycetes;o__Polyporales;f__Fomitopsidaceae;g__Fibroporia
SH538783.07FU_KP217811_refs	k__Fungi;p__Basidiomycota;c__Agaricomycetes;o__Polyporales;f__Polyporaceae;g__Perenniporia
SH121347.07FU_AB307667_refs	k__Fungi;p__Ascomycota;c__Leotiomycetes;o__Erysiphales;f__Erysiphaceae;g__Golovinomyces
SH096271.07FU_AY821840_refs	k__Fungi;p__Ascomycota;c__Saccharomycetes;o__Saccharomycetales;f__Saccharomycetales_fam_Incertae_sedis;g__Candida
SH105278.07FU_KC491850_reps	k__Fungi;p__Basidiomycota;c__Agaricomycetes;o__Polyporales;f__Fomitopsidaceae;g__Antrodia
SH097365.07FU_EU623689_reps	k__Fungi;p__Basidiomycota;c__Agaricomycetes;o__Agaricales;f__Marasmiaceae;g__Megacollybia
SH082755.07FU_HM578763_reps	k__Fungi;p__Ascomycota;c__Lecanoromycetes;o__Lecanorales;f__Parmeliaceae;g__Xanthoparmelia
SH096011.07FU_AB970981_reps	k__Fungi;p__Ascomycota;c__Sordariomycetes;o__Sordariomycetidae_ord_Incertae_sedis;f__Glomerellaceae;g__Colletotrichum
SH091831.07FU_EF621941_reps	k__Fungi;p__Basidiomycota;c__Microbotryomycetes;o__Microbotryales;f__Microbotryaceae;g__Microbotryum
SH106392.07FU_GU258280_refs	k__Fungi;p__Basidiomycota;c__Agaricomycetes;o__Russulales;f__Russulaceae;g__Lactifluus
SH084207.07FU_KC960762_reps	k__Fungi;p__Ascomycota;c__Lecanoromycetes;o__Lecanorales;f__Ramalinaceae;g__Ramalina
SH096711.07FU_AJ629406_refs	k__Fungi;p__Basidiomycota;c__Agaricomycetes;o__Boletales;f__Diplocystidiaceae;g__Astraeus
SH131560.07FU_EU292239_reps	k__Fungi;p__Basidiomycota;c__Agaricomycetes;o__Agaricales;f__Tricholomataceae;g__Tricholoma
SH097124.07FU_GU138728_reps	k__Fungi;p__Ascomycota;c__Leotiomycetes;o__Rhytismatales;f__Rhytismataceae;g__Coccomyces
SH540966.07FU_LN849751_reps	k__Fungi;p__Basidiomycota;c__Agaricomycetes;o__Russulales;f__Russulaceae;g__Lactarius
SH109719.07FU_JN710597_reps	k__Fungi;p__Basidiomycota;c__Agaricomycetes;o__Polyporales;f__Meruliaceae;g__Steccherinum
SH084820.07FU_UDB014110_reps	k__Fungi;p__Basidiomycota;c__Agaricomycetes;o__Hymenochaetales;f__Hymenochaetaceae;g__Coltricia
SH096707.07FU_AJ629410_refs	k__Fungi;p__Basidiomycota;c__Agaricomycetes;o__Boletales;f__Diplocystidiaceae;g__Astraeus
SH111034.07FU_AB080546_refs	k__Fungi;p__Ascomycota;c__Leotiomycetes;o__Erysiphales;f__Erysiphaceae;g__Phyllactinia
SH131026.07FU_UDB019871_reps	k__Fungi;p__Basidiomycota;c__Agaricomycetes;o__Agaricales;f__Strophariaceae;g__Hebeloma
SH092398.07FU_JX496020_reps	k__Fungi;p__Ascomycota;c__Dothideomycetes;o__Pleosporales;f__Montagnulaceae;g__Paraconiothyrium
SH079193.07FU_EF141532_refs	k__Fungi;p__Basidiomycota;c__Agaricomycetes;o__Russulales;f__Russulaceae;g__Lactarius
SH545400.07FU_KR303640_reps	k__Fungi;p__Ascomycota;c__Lecanoromycetes;o__Lecanorales;f__Tephromelataceae;g__Calvitimela
SH111884.07FU_JN257997_refs	k__Fungi;p__Basidiomycota;c__Agaricomycetes;o__Boletales;f__Boletaceae;g__Octaviania
SH134420.07FU_AF047873_reps	k__Fungi;p__Basidiomycota;c__Agaricomycetes;o__Agaricales;f__Physalacriaceae;g__Flammulina
SH545651.07FU_KT357471_reps	k__Fungi;p__Basidiomycota;c__Agaricomycetes;o__Gomphales;f__Gomphaceae;g__Ramaria
SH084495.07FU_FN547563_reps	k__Fungi;p__Glomeromycota;c__Glomeromycetes;o__Diversisporales;f__Gigasporaceae;g__Gigaspora
SH130563.07FU_AB925943_reps	k__Fungi;p__Ascomycota;c__Sordariomycetes;o__Hypocreales;f__Ophiocordycipitaceae;g__Polycephalomyces
SH123816.07FU_JF289152_reps	k__Fungi;p__Basidiomycota;c__Agaricomycetes;o__Polyporales;f__Meruliaceae;g__Phlebia
SH077975.07FU_UDB015508_refs	k__Fungi;p__Basidiomycota;c__Agaricomycetes;o__Agaricales;f__Agaricaceae;g__Leucoagaricus
SH542819.07FU_KU127238_reps	k__Fungi;p__Basidiomycota;c__Pucciniomycetes;o__Pucciniales;f__Pucciniaceae;g__Puccinia
SH079155.07FU_UDB011683_refs	k__Fungi;p__Basidiomycota;c__Agaricomycetes;o__Russulales;f__Russulaceae;g__Lactarius
SH113266.07FU_AY790538_refs	k__Fungi;p__Ascomycota;c__Saccharomycetes;o__Saccharomycetales;f__Saccharomycetales_fam_Incertae_sedis;g__Candida
SH108236.07FU_FR869691_reps	k__Fungi;p__Glomeromycota;c__Glomeromycetes;o__Diversisporales;f__Acaulosporaceae;g__Acaulospora
SH117969.07FU_JN253519_reps	k__Fungi;p__Ascomycota;c__Sordariomycetes;o__Hypocreales;f__Bionectriaceae;g__Stephanonectria
SH127646.07FU_JX205165_reps	k__Fungi;p__Ascomycota;c__Eurotiomycetes;o__Eurotiales;f__Trichocomaceae;g__Aspergillus
SH131570.07FU_UDB011582_refs	k__Fungi;p__Basidiomycota;c__Agaricomycetes;o__Agaricales;f__Tricholomataceae;g__Tricholoma
SH096449.07FU_UDB001369_refs	k__Fungi;p__Basidiomycota;c__Agaricomycetes;o__Boletales;f__Boletaceae;g__Leccinum
SH540026.07FU_KT037527_reps	k__Fungi;p__Ascomycota;c__Dothideomycetes;o__Capnodiales;f__Mycosphaerellaceae;g__Neoceratosperma
SH126646.07FU_UDB022795_refs	k__Fungi;p__Ascomycota;c__Pezizomycetes;o__Pezizales;f__Morchellaceae;g__Morchella
SH095920.07FU_AJ970153_refs	k__Fungi;p__Ascomycota;c__Eurotiomycetes;o__Onygenales;f__Arthrodermataceae;g__Microsporum
SH544620.07FU_KU934582_reps	k__Fungi;p__Ascomycota;c__Lecanoromycetes;o__Lecanorales;f__Lecanoraceae;g__Rhizoplaca
SH079804.07FU_KF727401_reps	k__Fungi;p__Basidiomycota;c__Agaricomycetes;o__Agaricales;f__Strophariaceae;g__Gymnopilus
SH081594.07FU_AY061659_reps	k__Fungi;p__Basidiomycota;c__Agaricomycetes;o__Russulales;f__Russulaceae;g__Russula
SH111350.07FU_UDB008553_reps	k__Fungi;p__Ascomycota;c__Pezizomycetes;o__Pezizales;f__Tuberaceae;g__Tuber
SH120830.07FU_JQ654491_reps	k__Fungi;p__Ascomycota;c__Pezizomycetes;o__Pezizales;f__Pezizaceae;g__Peziza
SH090852.07FU_EF014270_reps	k__Fungi;p__Basidiomycota;c__Agaricomycetes;o__Agaricales;f__Cortinariaceae;g__Cortinarius
SH132212.07FU_UDB011203_reps	k__Fungi;p__Basidiomycota;c__Agaricomycetes;o__Russulales;f__Russulaceae;g__Russula
SH129157.07FU_EU266102_reps	k__Fungi;p__Ascomycota;c__Lecanoromycetes;o__Teloschistales;f__Physciaceae;g__Phaeophyscia
SH133519.07FU_DQ344518_reps	k__Fungi;p__Basidiomycota;c__Pucciniomycetes;o__Pucciniales;f__Pucciniaceae;g__Puccinia
SH135256.07FU_KF732415_refs	k__Fungi;p__Basidiomycota;c__Agaricomycetes;o__Agaricales;f__Cortinariaceae;g__Cortinarius
SH125112.07FU_EU846301_reps	k__Fungi;p__Basidiomycota;c__Agaricomycetes;o__Gomphales;f__Gomphaceae;g__Ramaria
SH133936.07FU_HE649948_refs	k__Fungi;p__Basidiomycota;c__Agaricomycetes;o__Agaricales;f__Lyophyllaceae;g__Ossicaulis
SH132638.07FU_KF359593_reps	k__Fungi;p__Basidiomycota;c__Agaricomycetes;o__Cantharellales;f__Clavulinaceae;g__Clavulina
SH129792.07FU_EF421102_reps	k__Fungi;p__Basidiomycota;c__Agaricomycetes;o__Agaricales;f__Lyophyllaceae;g__Lyophyllum
SH094071.07FU_JX310840_reps	k__Fungi;p__Basidiomycota;c__Agaricomycetes;o__Polyporales;f__Ganodermataceae;g__Amauroderma
SH135439.07FU_KF732265_refs	k__Fungi;p__Basidiomycota;c__Agaricomycetes;o__Agaricales;f__Cortinariaceae;g__Cortinarius
SH112630.07FU_KC732527_reps	k__Fungi;p__Ascomycota;c__Lecanoromycetes;o__Peltigerales;f__Lobariaceae;g__Sticta
SH112719.07FU_JN819280_reps	k__Fungi;p__Ascomycota;c__Dothideomycetes;o__Jahnulales;f__Aliquandostipitaceae;g__Jahnula
SH092645.07FU_UDB011235_reps	k__Fungi;p__Basidiomycota;c__Agaricomycetes;o__Russulales;f__Russulaceae;g__Russula
SH087573.07FU_EF530941_reps	k__Fungi;p__Basidiomycota;c__Agaricomycetes;o__Boletales;f__Gomphidiaceae;g__Gomphidius
SH101650.07FU_AM882742_refs	k__Fungi;p__Basidiomycota;c__Agaricomycetes;o__Agaricales;f__Inocybaceae;g__Inocybe
SH086252.07FU_KJ450905_reps	k__Fungi;p__Basidiomycota;c__Agaricomycetes;o__Agaricales;f__Cortinariaceae;g__Phaeocollybia
SH087137.07FU_JF300136_reps	k__Fungi;p__Ascomycota;c__Pezizomycetes;o__Pezizales;f__Tuberaceae;g__Reddellomyces
SH120884.07FU_JX069865_refs	k__Fungi;p__Ascomycota;c__Dothideomycetes;o__Botryosphaeriales;f__Botryosphaeriaceae;g__Phyllosticta
SH097658.07FU_AY569026_refs	k__Fungi;p__Basidiomycota;c__Agaricomycetes;o__Thelephorales;f__Bankeraceae;g__Hydnellum
SH079002.07FU_JQ927454_reps	k__Fungi;p__Ascomycota;c__Eurotiomycetes;o__Pyrenulales;f__Pyrenulaceae;g__Pyrenula
SH078077.07FU_HE817872_reps	k__Fungi;p__Glomeromycota;c__Glomeromycetes;o__Glomerales;f__Glomeraceae;g__Rhizophagus
SH135232.07FU_AY174797_refs	k__Fungi;p__Basidiomycota;c__Agaricomycetes;o__Agaricales;f__Cortinariaceae;g__Cortinarius
SH134897.07FU_AB760299_reps	k__Fungi;p__Ascomycota;c__Saccharomycetes;o__Saccharomycetales;f__Lipomycetaceae;g__Lipomyces
SH087750.07FU_AF444408_refs	k__Fungi;p__Basidiomycota;c__Tremellomycetes;o__Cystofilobasidiales;f__Cystofilobasidiaceae;g__Udeniomyces
SH088546.07FU_AY213590_reps	k__Fungi;p__Basidiomycota;c__Agaricomycetes;o__Agaricales;f__Physalacriaceae;g__Armillaria
SH076467.07FU_UDB015353_refs	k__Fungi;p__Basidiomycota;c__Agaricomycetes;o__Agaricales;f__Inocybaceae;g__Inocybe
SH547055.07FU_LN810758_reps	k__Fungi;p__Ascomycota;c__Lecanoromycetes;o__Acarosporales;f__Acarosporaceae;g__Acarospora
SH124422.07FU_KM017563_refs	k__Fungi;p__Ascomycota;c__Sordariomycetes;o__Xylariales;f__Xylariaceae;g__Hypoxylon
SH136107.07FU_KF732264_refs	k__Fungi;p__Basidiomycota;c__Agaricomycetes;o__Agaricales;f__Cortinariaceae;g__Cortinarius
SH080152.07FU_UDB011208_refs	k__Fungi;p__Basidiomycota;c__Agaricomycetes;o__Agaricales;f__Amanitaceae;g__Amanita
SH112042.07FU_FR681933_reps	k__Fungi;p__Glomeromycota;c__Glomeromycetes;o__Diversisporales;f__Acaulosporaceae;g__Acaulospora
SH132853.07FU_DQ389690_refs	k__Fungi;p__Basidiomycota;c__Agaricomycetes;o__Agaricales;f__Psathyrellaceae;g__Psathyrella
SH101769.07FU_AB498955_refs	k__Fungi;p__Ascomycota;c__Leotiomycetes;o__Erysiphales;f__Erysiphaceae;g__Neoerysiphe
SH085206.07FU_HE608894_reps	k__Fungi;p__Ascomycota;c__Sordariomycetes;o__Hypocreales;f__Hypocreaceae;g__Trichoderma
SH111836.07FU_EF029200_reps	k__Fungi;p__Ascomycota;c__Leotiomycetes;o__Helotiales;f__Helotiales_fam_Incertae_sedis;g__Clathrosporium
SH121559.07FU_KF251149_refs	k__Fungi;p__Ascomycota;c__Dothideomycetes;o__Pleosporales;f__Leptosphaeriaceae;g__Coniothyrium
SH124069.07FU_AM292846_reps	k__Fungi;p__Ascomycota;c__Lecanoromycetes;o__Teloschistales;f__Teloschistaceae;g__Dufourea
SH126816.07FU_JX089579_refs	k__Fungi;p__Ascomycota;c__Dothideomycetes;o__Pleosporales;f__Pleosporaceae;g__Bipolaris
SH108443.07FU_KJ522475_reps	k__Fungi;p__Ascomycota;c__Dothideomycetes;o__Pleosporales;f__Phaeosphaeriaceae;g__Phaeosphaeriopsis
SH077035.07FU_UDB015623_refs	k__Fungi;p__Basidiomycota;c__Agaricomycetes;o__Agaricales;f__Agaricaceae;g__Agaricus
SH135911.07FU_AY669537_reps	k__Fungi;p__Basidiomycota;c__Agaricomycetes;o__Agaricales;f__Cortinariaceae;g__Cortinarius
SH135328.07FU_AY669590_reps	k__Fungi;p__Basidiomycota;c__Agaricomycetes;o__Agaricales;f__Cortinariaceae;g__Cortinarius
SH125014.07FU_FN549910_refs	k__Fungi;p__Ascomycota;c__Dothideomycetes;o__Venturiales;f__Venturiaceae;g__Fusicladium
SH091775.07FU_AB454370_refs	k__Fungi;p__Ascomycota;c__Dothideomycetes;o__Botryosphaeriales;f__Botryosphaeriaceae;g__Phyllosticta
SH116200.07FU_KJ706905_reps	k__Fungi;p__Basidiomycota;c__Tremellomycetes;o__Tremellales;f__Tremellales_fam_Incertae_sedis;g__Naganishia
SH085391.07FU_JQ691492_reps	k__Fungi;p__Ascomycota;c__Pezizomycetes;o__Pezizales;f__Morchellaceae;g__Morchella
SH097576.07FU_EU888619_reps	k__Fungi;p__Ascomycota;c__Sordariomycetes;o__Hypocreales;f__Cordycipitaceae;g__Isaria
SH108823.07FU_HQ331456_refs	k__Fungi;p__Ascomycota;c__Sordariomycetes;o__Hypocreales;f__Clavicipitaceae;g__Metarhizium
SH547171.07FU_AB900863_reps	k__Fungi;p__Ascomycota;c__Sordariomycetes;o__Xylariales;f__Xylariales_fam_Incertae_sedis;g__Dinemasporium
SH085933.07FU_FJ623622_refs	k__Fungi;p__Ascomycota;c__Saccharomycetes;o__Saccharomycetales;f__Saccharomycetales_fam_Incertae_sedis;g__Candida
SH541298.07FU_KP132024_reps	k__Fungi;p__Ascomycota;c__Eurotiomycetes;o__Chaetothyriales;f__Herpotrichiellaceae;g__Exophiala
SH110233.07FU_AF149074_refs	k__Fungi;p__Ascomycota;c__Leotiomycetes;o__Helotiales;f__Dermateaceae;g__Cryptosporiopsis
SH098575.07FU_DQ525524_reps	k__Fungi;p__Ascomycota;c__Lecanoromycetes;o__Acarosporales;f__Acarosporaceae;g__Pleopsidium
SH128061.07FU_AF444499_refs	k__Fungi;p__Basidiomycota;c__Microbotryomycetes;o__Sporidiobolales;f__Sporidiobolales_fam_Incertae_sedis;g__Rhodotorula
SH133088.07FU_EU888913_reps	k__Fungi;p__Ascomycota;c__Sordariomycetes;o__Sordariales;f__Lasiosphaeriaceae;g__Podospora
SH088876.07FU_FN547490_refs	k__Fungi;p__Glomeromycota;c__Glomeromycetes;o__Glomerales;f__Glomeraceae;g__Funneliformis
SH115771.07FU_EU365855_refs	k__Fungi;p__Ascomycota;c__Lecanoromycetes;o__Teloschistales;f__Teloschistaceae;g__Caloplaca
SH108687.07FU_AF106529_reps	k__Fungi;p__Ascomycota;c__Orbiliomycetes;o__Orbiliales;f__Orbiliaceae;g__Dactylella
SH087216.07FU_UDB011404_reps	k__Fungi;p__Basidiomycota;c__Agaricomycetes;o__Agaricales;f__Agaricaceae;g__Cystoderma
SH126757.07FU_DQ002495_reps	k__Fungi;p__Ascomycota;c__Saccharomycetes;o__Saccharomycetales;f__Metschnikowiaceae;g__Metschnikowia
SH103411.07FU_EU041796_reps	k__Fungi;p__Ascomycota;c__Dothideomycetes;o__Capnodiales;f__Mycosphaerellaceae;g__Ramichloridium
SH120733.07FU_DQ066705_reps	k__Fungi;p__Ascomycota;c__Lecanoromycetes;o__Peltigerales;f__Nephromataceae;g__Nephroma
SH102674.07FU_KC222692_reps	k__Fungi;p__Ascomycota;c__Sordariomycetes;o__Sordariales;f__Chaetomiaceae;g__Chaetomium
SH129466.07FU_AY487952_reps	k__Fungi;p__Basidiomycota;c__Agaricomycetes;o__Geastrales;f__Geastraceae;g__Sphaerobolus
SH114585.07FU_KJ591577_refs	k__Fungi;p__Ascomycota;c__Dothideomycetes;o__Pleosporales;f__Lophiostomataceae;g__Lophiostoma
SH112515.07FU_JF832653_reps	k__Fungi;p__Ascomycota;c__Sordariomycetes;o__Hypocreales;f__Nectriaceae;g__Nectria
SH076715.07FU_JN053490_reps	k__Fungi;p__Basidiomycota;c__Tremellomycetes;o__Tremellales;f__Tremellales_fam_Incertae_sedis;g__Tremella
SH096295.07FU_AB054019_refs	k__Fungi;p__Ascomycota;c__Saccharomycetes;o__Saccharomycetales;f__Saccharomycetales_fam_Incertae_sedis;g__Debaryomyces
SH080849.07FU_UDB007948_reps	k__Fungi;p__Basidiomycota;c__Agaricomycetes;o__Thelephorales;f__Thelephoraceae;g__Tomentella
SH102285.07FU_KJ706689_reps	k__Fungi;p__Basidiomycota;c__Microbotryomycetes;o__Sporidiobolales;f__Sporidiobolales_fam_Incertae_sedis;g__Rhodotorula
SH106890.07FU_AJ000612_refs	k__Fungi;p__Ascomycota;c__Eurotiomycetes;o__Onygenales;f__Arthrodermataceae;g__Arthroderma
SH124544.07FU_EF512480_refs	k__Fungi;p__Ascomycota;c__Sordariomycetes;o__Diaporthales;f__Diaporthales_fam_Incertae_sedis;g__Sirococcus
SH101503.07FU_JF263469_refs	k__Fungi;p__Basidiomycota;c__Pucciniomycetes;o__Pucciniales;f__Uropyxidaceae;g__Dasyspora
SH113597.07FU_KJ523039_reps	k__Fungi;p__Ascomycota;c__Lecanoromycetes;o__Peltigerales;f__Lobariaceae;g__Pseudocyphellaria
SH078388.07FU_JF439196_reps	k__Fungi;p__Glomeromycota;c__Glomeromycetes;o__Glomerales;f__Glomeraceae;g__Rhizophagus
SH104326.07FU_DQ219304_reps	k__Fungi;p__Ascomycota;c__Lecanoromycetes;o__Pertusariales;f__Ochrolechiaceae;g__Ochrolechia
SH090436.07FU_JX069862_refs	k__Fungi;p__Ascomycota;c__Sordariomycetes;o__Diaporthales;f__Diaporthaceae;g__Diaporthe
SH090475.07FU_EU272510_reps	k__Fungi;p__Ascomycota;c__Sordariomycetes;o__Diaporthales;f__Diaporthaceae;g__Diaporthe
SH111726.07FU_KF819518_reps	k__Fungi;p__Ascomycota;c__Eurotiomycetes;o__Verrucariales;f__Verrucariaceae;g__Verrucaria
SH132972.07FU_UDB015559_refs	k__Fungi;p__Basidiomycota;c__Agaricomycetes;o__Agaricales;f__Inocybaceae;g__Inocybe
SH105783.07FU_HQ845146_refs	k__Fungi;p__Basidiomycota;c__Agaricomycetes;o__Agaricales;f__Cortinariaceae;g__Cortinarius
SH124253.07FU_KC005774_refs	k__Fungi;p__Ascomycota;c__Eurotiomycetes;o__Chaetothyriales;f__Herpotrichiellaceae;g__Phialophora
SH122677.07FU_KJ556515_refs	k__Fungi;p__Ascomycota;c__Dothideomycetes;o__Pleosporales;f__Dothidotthiaceae;g__Barriopsis
SH132216.07FU_DQ990848_reps	k__Fungi;p__Basidiomycota;c__Agaricomycetes;o__Russulales;f__Russulaceae;g__Russula
SH099030.07FU_JX458105_reps	k__Fungi;p__Ascomycota;c__Saccharomycetes;o__Saccharomycetales;f__Saccharomycetaceae;g__Zygosaccharomyces
SH108588.07FU_GQ268569_reps	k__Fungi;p__Ascomycota;c__Sordariomycetes;o__Xylariales;f__Xylariales_fam_Incertae_sedis;g__Castanediella
SH103497.07FU_KF453551_reps	k__Fungi;p__Ascomycota;c__Sordariomycetes;o__Xylariales;f__Diatrypaceae;g__Eutypa
SH091587.07FU_JF908487_reps	k__Fungi;p__Basidiomycota;c__Agaricomycetes;o__Agaricales;f__Mycenaceae;g__Mycena
SH460411.07FU_UDB011880_reps	k__Fungi;p__Basidiomycota;c__Agaricomycetes;o__Agaricales;f__Entolomataceae;g__Entoloma
SH083949.07FU_AY176490_reps	k__Fungi;p__Basidiomycota;c__Agaricomycetes;o__Agaricales;f__Agaricaceae;g__Lepiota
SH108132.07FU_DQ104710_refs	k__Fungi;p__Ascomycota;c__Saccharomycetes;o__Saccharomycetales;f__Pichiaceae;g__Pichia
SH100699.07FU_JX144030_reps	k__Fungi;p__Ascomycota;c__Lecanoromycetes;o__Lecanorales;f__Parmeliaceae;g__Allocetraria
SH088094.07FU_DQ420854_reps	k__Fungi;p__Zygomycota;c__Mortierellomycotina_cls_Incertae_sedis;o__Mortierellales;f__Mortierellaceae;g__Mortierella
SH128249.07FU_EF619549_reps	k__Fungi;p__Ascomycota;c__Lecanoromycetes;o__Lecanorales;f__Stereocaulaceae;g__Lepraria
SH091257.07FU_AB232539_reps	k__Fungi;p__Basidiomycota;c__Pucciniomycetes;o__Pucciniales;f__Pucciniaceae;g__Puccinia
SH123228.07FU_AY245625_refs	k__Fungi;p__Ascomycota;c__Sordariomycetes;o__Hypocreales;f__Cordycipitaceae;g__Beauveria
SH092715.07FU_HM800731_reps	k__Fungi;p__Basidiomycota;c__Agaricomycetes;o__Polyporales;f__Ganodermataceae;g__Ganoderma
SH089025.07FU_UDB002026_refs	k__Fungi;p__Basidiomycota;c__Agaricomycetes;o__Agaricales;f__Cortinariaceae;g__Cortinarius
SH549506.07FU_AB934086_reps	k__Fungi;p__Ascomycota;c__Pezizomycotina_cls_Incertae_sedis;o__Pezizomycotina_ord_Incertae_sedis;f__Pezizomycotina_fam_Incertae_sedis;g__Pseudolachnella
SH550918.07FU_KP137495_refs	k__Fungi;p__Basidiomycota;c__Agaricomycetes;o__Agaricales;f__Cortinariaceae;g__Cortinarius
SH080313.07FU_AY789297_reps	k__Fungi;p__Ascomycota;c__Leotiomycetes;o__Helotiales;f__Helotiaceae;g__Heyderia
SH125251.07FU_UDB015833_refs	k__Fungi;p__Ascomycota;c__Pezizomycetes;o__Pezizales;f__Pyronemataceae;g__Sowerbyella
SH102041.07FU_AB078483_reps	k__Fungi;p__Basidiomycota;c__Cystobasidiomycetes;o__Cystobasidiales;f__Cystobasidiaceae;g__Cystobasidium
SH084135.07FU_AF444468_refs	k__Fungi;p__Basidiomycota;c__Tremellomycetes;o__Tremellales;f__Tremellales_fam_Incertae_sedis;g__Hannaella
SH112784.07FU_HM151014_reps	k__Fungi;p__Ascomycota;c__Saccharomycetes;o__Saccharomycetales;f__Saccharomycetales_fam_Incertae_sedis;g__Candida
SH092628.07FU_UDB016421_refs	k__Fungi;p__Basidiomycota;c__Agaricomycetes;o__Trechisporales;f__Hydnodontaceae;g__Trechispora
SH090150.07FU_UDB016439_refs	k__Fungi;p__Basidiomycota;c__Agaricomycetes;o__Thelephorales;f__Thelephoraceae;g__Tomentella
SH105506.07FU_FJ552756_reps	k__Fungi;p__Basidiomycota;c__Agaricomycetes;o__Agaricales;f__Clavariaceae;g__Clavaria
SH090329.07FU_KJ780430_reps	k__Fungi;p__Basidiomycota;c__Agaricomycetes;o__Atheliales;f__Atheliaceae;g__Cora
SH131197.07FU_AY461828_reps	k__Fungi;p__Basidiomycota;c__Agaricomycetes;o__Agaricales;f__Psathyrellaceae;g__Coprinopsis
SH538564.07FU_KT284912_refs	k__Fungi;p__Basidiomycota;c__Agaricomycetes;o__Agaricales;f__Agaricaceae;g__Agaricus
SH117474.07FU_AF547662_refs	k__Fungi;p__Basidiomycota;c__Tremellomycetes;o__Tremellales;f__Tremellales_fam_Incertae_sedis;g__Bullera
SH111488.07FU_GU570098_reps	k__Fungi;p__Ascomycota;c__Lecanoromycetes;o__Peltigerales;f__Pannariaceae;g__Parmeliella
SH131029.07FU_GU479285_reps	k__Fungi;p__Basidiomycota;c__Agaricomycetes;o__Agaricales;f__Strophariaceae;g__Hymenogaster
SH081451.07FU_KC184463_reps	k__Fungi;p__Basidiomycota;c__Agaricomycetes;o__Boletales;f__Boletaceae;g__Butyriboletus
SH116921.07FU_FN868153_reps	k__Fungi;p__Basidiomycota;c__Cystobasidiomycetes;o__Cystobasidiales;f__Cystobasidiaceae;g__Cystobasidium
SH132081.07FU_JF908579_reps	k__Fungi;p__Basidiomycota;c__Agaricomycetes;o__Agaricales;f__Strophariaceae;g__Pholiota
SH081897.07FU_UDB001715_refs	k__Fungi;p__Basidiomycota;c__Agaricomycetes;o__Thelephorales;f__Bankeraceae;g__Phellodon
SH091504.07FU_AJ874123_reps	k__Fungi;p__Ascomycota;c__Eurotiomycetes;o__Eurotiales;f__Trichocomaceae;g__Aspergillus
SH100781.07FU_HM056211_refs	k__Fungi;p__Ascomycota;c__Pezizomycetes;o__Pezizales;f__Pezizaceae;g__Terfezia
SH119379.07FU_UDB011434_refs	k__Fungi;p__Basidiomycota;c__Agaricomycetes;o__Agaricales;f__Omphalotaceae;g__Rhodocollybia
SH098911.07FU_KJ140619_reps	k__Fungi;p__Basidiomycota;c__Agaricomycetes;o__Polyporales;f__Polyporaceae;g__Skeletocutis
SH106390.07FU_GU258295_refs	k__Fungi;p__Basidiomycota;c__Agaricomycetes;o__Russulales;f__Russulaceae;g__Lactifluus
SH118811.07FU_UDB011657_refs	k__Fungi;p__Basidiomycota;c__Agaricomycetes;o__Agaricales;f__Hygrophoraceae;g__Hygrophorus
SH105021.07FU_UDB014122_reps	k__Fungi;p__Basidiomycota;c__Agaricomycetes;o__Sebacinales;f__Sebacinaceae;g__Sebacina
SH077038.07FU_FJ172288_refs	k__Fungi;p__Basidiomycota;c__Agaricomycetes;o__Agaricales;f__Agaricaceae;g__Agaricus
SH089926.07FU_KC017758_reps	k__Fungi;p__Basidiomycota;c__Agaricomycetes;o__Polyporales;f__Polyporaceae;g__Trametes
SH077698.07FU_KC992860_refs	k__Fungi;p__Basidiomycota;c__Agaricomycetes;o__Agaricales;f__Psathyrellaceae;g__Psathyrella
SH538307.07FU_KM229603_reps	k__Fungi;p__Basidiomycota;c__Agaricomycetes;o__Polyporales;f__Ganodermataceae;g__Ganoderma
SH102859.07FU_KC833150_reps	k__Fungi;p__Ascomycota;c__Leotiomycetes;o__Rhytismatales;f__Cudoniaceae;g__Cudonia