dataset	level	iteration	method	parameters               	observed_taxonomy	expected_taxonomy	result	mismatch_level               	Precision	Recall	F-measure
F1-REF	4	2	vsearch	1:0.99:0.99	Unassigned	k__Fungi;p__Ascomycota;c__Lecanoromycetes;o__Peltigerales;f__Pannariaceae	underclassification	0	0.027027027027	0.00961538461538	0.0141843971631
F1-REF	4	2	vsearch	1:0.99:0.99	k__Fungi;p__Basidiomycota;c__Agaricomycetes;o__Cantharellales;f__Ceratobasidiaceae;g__Thanatephorus;s__Thanatephorus_cucumeris	k__Fungi;p__Basidiomycota;c__Agaricomycetes;o__Thelephorales;f__Bankeraceae	misclassification	3	0.027027027027	0.00961538461538	0.0141843971631
F1-REF	4	2	vsearch	1:0.99:0.99	k__Fungi;p__Basidiomycota;c__Agaricomycetes;o__Russulales;f__Peniophoraceae;g__Peniophora;s__Peniophora_sp	k__Fungi;p__Ascomycota;c__Leotiomycetes;o__Helotiales;f__Helotiales_fam_Incertae_sedis	misclassification	1	0.027027027027	0.00961538461538	0.0141843971631
F1-REF	4	2	vsearch	1:0.99:0.99	k__Fungi;p__Basidiomycota;c__Agaricomycetes;o__Agaricales;f__Omphalotaceae;g__Gymnopus;s__Gymnopus_nonnullus	k__Fungi;p__Ascomycota;c__Sordariomycetes;o__Hypocreomycetidae_ord_Incertae_sedis;f__Plectosphaerellaceae	misclassification	1	0.027027027027	0.00961538461538	0.0141843971631
F1-REF	4	2	vsearch	1:0.99:0.99	Unassigned	k__Fungi;p__Glomeromycota;c__Glomeromycetes;o__Diversisporales;f__Diversisporaceae	underclassification	0	0.027027027027	0.00961538461538	0.0141843971631
F1-REF	4	2	vsearch	1:0.99:0.99	k__Fungi;p__Basidiomycota;c__Agaricomycetes	k__Fungi;p__Basidiomycota;c__Agaricomycetes;o__Russulales;f__Hericiaceae	underclassification	3	0.027027027027	0.00961538461538	0.0141843971631
F1-REF	4	2	vsearch	1:0.99:0.99	Unassigned	k__Fungi;p__Basidiomycota;c__Agaricomycetes;o__Agaricales;f__Pluteaceae	underclassification	0	0.027027027027	0.00961538461538	0.0141843971631
F1-REF	4	2	vsearch	1:0.99:0.99	Unassigned	k__Fungi;p__Ascomycota;c__Sordariomycetes;o__Microascales;f__Ceratocystidaceae	underclassification	0	0.027027027027	0.00961538461538	0.0141843971631
F1-REF	4	2	vsearch	1:0.99:0.99	k__Fungi;p__Ascomycota;c__Leotiomycetes;o__Helotiales;f__Vibrisseaceae;g__Phialocephala;s__Phialocephala_dimorphospora	k__Fungi;p__Ascomycota;c__Saccharomycetes;o__Saccharomycetales;f__Saccharomycetaceae	misclassification	2	0.027027027027	0.00961538461538	0.0141843971631
F1-REF	4	2	vsearch	1:0.99:0.99	k__Fungi;p__Basidiomycota;c__Tremellomycetes;o__Tremellales;f__Tremellales_fam_Incertae_sedis;g__Cryptococcus;s__Cryptococcus_sp	k__Fungi;p__Basidiomycota;c__Agaricomycetes;o__Hymenochaetales;f__Hymenochaetaceae	misclassification	2	0.027027027027	0.00961538461538	0.0141843971631
F1-REF	4	2	vsearch	1:0.99:0.99	k__Fungi;p__Basidiomycota;c__Agaricomycetes;o__Agaricales;f__Mycenaceae;g__Mycena;s__Mycena_rubromarginata	k__Fungi;p__Basidiomycota;c__Agaricomycetes;o__Polyporales;f__Ganodermataceae	misclassification	3	0.027027027027	0.00961538461538	0.0141843971631
F1-REF	4	2	vsearch	1:0.99:0.99	Unassigned	k__Fungi;p__Ascomycota;c__Pezizomycetes;o__Pezizales;f__Helvellaceae	underclassification	0	0.027027027027	0.00961538461538	0.0141843971631
F1-REF	4	2	vsearch	1:0.99:0.99	Unassigned	k__Fungi;p__Basidiomycota;c__Agaricomycetes;o__Agaricales;f__Psathyrellaceae	underclassification	0	0.027027027027	0.00961538461538	0.0141843971631
F1-REF	4	2	vsearch	1:0.99:0.99	Unassigned	k__Fungi;p__Glomeromycota;c__Glomeromycetes;o__Glomerales;f__Glomeraceae	underclassification	0	0.027027027027	0.00961538461538	0.0141843971631
F1-REF	4	2	vsearch	1:0.99:0.99	Unassigned	k__Fungi;p__Basidiomycota;c__Pucciniomycetes;o__Pucciniales;f__Phakopsoraceae	underclassification	0	0.027027027027	0.00961538461538	0.0141843971631
F1-REF	4	2	vsearch	1:0.99:0.99	Unassigned	k__Fungi;p__Basidiomycota;c__Microbotryomycetes;o__Sporidiobolales;f__Sporidiobolales_fam_Incertae_sedis	underclassification	0	0.027027027027	0.00961538461538	0.0141843971631
F1-REF	4	2	vsearch	1:0.99:0.99	k__Fungi;p__Ascomycota;c__Sordariomycetes;o__Xylariales;f__Xylariaceae;g__Muscodor;s__Muscodor_yucatanensis	k__Fungi;p__Ascomycota;c__Lecanoromycetes;o__Lecanorales;f__Megalariaceae	misclassification	2	0.027027027027	0.00961538461538	0.0141843971631
F1-REF	4	2	vsearch	1:0.99:0.99	Unassigned	k__Fungi;p__Ascomycota;c__Dothideomycetes;o__Capnodiales;f__Davidiellaceae	underclassification	0	0.027027027027	0.00961538461538	0.0141843971631
F1-REF	4	2	vsearch	1:0.99:0.99	Unassigned	k__Fungi;p__Ascomycota;c__Pezizomycetes;o__Pezizales;f__Pezizaceae	underclassification	0	0.027027027027	0.00961538461538	0.0141843971631
F1-REF	4	2	vsearch	1:0.99:0.99	Unassigned	k__Fungi;p__Basidiomycota;c__Agaricomycetes;o__Boletales;f__Suillaceae	underclassification	0	0.027027027027	0.00961538461538	0.0141843971631
F1-REF	4	2	vsearch	1:0.99:0.99	k__Fungi;p__Basidiomycota;c__Agaricomycetes;o__Russulales;f__Peniophoraceae;g__Peniophora;s__Peniophora_sp	k__Fungi;p__Ascomycota;c__Sordariomycetes;o__Sordariales;f__Chaetomiaceae	misclassification	1	0.027027027027	0.00961538461538	0.0141843971631
F1-REF	4	2	vsearch	1:0.99:0.99	Unassigned	k__Fungi;p__Basidiomycota;c__Agaricomycetes;o__Agaricales;f__Cortinariaceae	underclassification	0	0.027027027027	0.00961538461538	0.0141843971631
F1-REF	4	2	vsearch	1:0.99:0.99	Unassigned	k__Fungi;p__Ascomycota;c__Pezizomycetes;o__Pezizales;f__Pyronemataceae	underclassification	0	0.027027027027	0.00961538461538	0.0141843971631
F1-REF	4	2	vsearch	1:0.99:0.99	k__Fungi;p__Basidiomycota;c__Agaricomycetes;o__Polyporales;f__Fomitopsidaceae;g__Daedalea;s__Daedalea_circularis	k__Fungi;p__Basidiomycota;c__Agaricomycetes;o__Agaricales;f__Strophariaceae	misclassification	3	0.027027027027	0.00961538461538	0.0141843971631
F1-REF	4	2	vsearch	1:0.99:0.99	Unassigned	k__Fungi;p__Basidiomycota;c__Agaricomycetes;o__Agaricales;f__Pleurotaceae	underclassification	0	0.027027027027	0.00961538461538	0.0141843971631
F1-REF	4	2	vsearch	1:0.99:0.99	Unassigned	k__Fungi;p__Zygomycota;c__Mucoromycotina_cls_Incertae_sedis;o__Mucorales;f__Choanephoraceae	underclassification	0	0.027027027027	0.00961538461538	0.0141843971631
F1-REF	4	2	vsearch	1:0.99:0.99	Unassigned	k__Fungi;p__Basidiomycota;c__Agaricostilbomycetes;o__Agaricostilbales;f__Agaricostilbaceae	underclassification	0	0.027027027027	0.00961538461538	0.0141843971631
F1-REF	4	2	vsearch	1:0.99:0.99	k__Fungi;p__Ascomycota	k__Fungi;p__Ascomycota;c__Sordariomycetes;o__Hypocreales;f__Clavicipitaceae	underclassification	2	0.027027027027	0.00961538461538	0.0141843971631
F1-REF	4	2	vsearch	1:0.99:0.99	Unassigned	k__Fungi;p__Zygomycota;c__Mucoromycotina_cls_Incertae_sedis;o__Mucorales;f__Rhizopodaceae	underclassification	0	0.027027027027	0.00961538461538	0.0141843971631
F1-REF	4	2	vsearch	1:0.99:0.99	Unassigned	k__Fungi;p__Basidiomycota;c__Ustilaginomycetes;o__Ustilaginales;f__Ustilaginales_fam_Incertae_sedis	underclassification	0	0.027027027027	0.00961538461538	0.0141843971631
F1-REF	4	2	vsearch	1:0.99:0.99	Unassigned	k__Fungi;p__Basidiomycota;c__Agaricomycetes;o__Agaricales;f__Agaricales_fam_Incertae_sedis	underclassification	0	0.027027027027	0.00961538461538	0.0141843971631
F1-REF	4	2	vsearch	1:0.99:0.99	Unassigned	k__Fungi;p__Basidiomycota;c__Agaricomycetes;o__Cantharellales;f__Hydnaceae	underclassification	0	0.027027027027	0.00961538461538	0.0141843971631
F1-REF	4	2	vsearch	1:0.99:0.99	k__Fungi;p__Basidiomycota;c__Agaricomycetes;o__Russulales;f__Peniophoraceae;g__Peniophora;s__Peniophora_sp	k__Fungi;p__Basidiomycota;c__Agaricomycetes;o__Gomphales;f__Lentariaceae	misclassification	3	0.027027027027	0.00961538461538	0.0141843971631
F1-REF	4	2	vsearch	1:0.99:0.99	Unassigned	k__Fungi;p__Basidiomycota;c__Agaricomycetes;o__Agaricales;f__Hydnangiaceae	underclassification	0	0.027027027027	0.00961538461538	0.0141843971631
F1-REF	4	2	vsearch	1:0.99:0.99	k__Fungi;p__Ascomycota;c__Saccharomycetes;o__Saccharomycetales;f__Pichiaceae;g__Pichia;s__Pichia_sp	k__Fungi;p__Basidiomycota;c__Agaricomycetes;o__Cantharellales;f__Botryobasidiaceae	misclassification	1	0.027027027027	0.00961538461538	0.0141843971631
F1-REF	4	2	vsearch	1:0.99:0.99	Unassigned	k__Fungi;p__Basidiomycota;c__Exobasidiomycetes;o__Microstromatales;f__Quambalariaceae	underclassification	0	0.027027027027	0.00961538461538	0.0141843971631
F1-REF	4	2	vsearch	1:0.99:0.99	k__Fungi;p__Basidiomycota;c__Agaricomycetes	k__Fungi;p__Basidiomycota;c__Agaricomycetes;o__Sebacinales;f__Sebacinaceae	underclassification	3	0.027027027027	0.00961538461538	0.0141843971631
F1-REF	4	2	vsearch	1:0.99:0.99	Unassigned	k__Fungi;p__Basidiomycota;c__Agaricomycetes;o__Cantharellales;f__Clavulinaceae	underclassification	0	0.027027027027	0.00961538461538	0.0141843971631
F1-REF	4	2	vsearch	1:0.99:0.99	Unassigned	k__Fungi;p__Ascomycota;c__Eurotiomycetes;o__Onygenales;f__Arthrodermataceae	underclassification	0	0.027027027027	0.00961538461538	0.0141843971631
F1-REF	4	2	vsearch	1:0.99:0.99	Unassigned	k__Fungi;p__Ascomycota;c__Dothideomycetes;o__Pleosporales;f__Massarinaceae	underclassification	0	0.027027027027	0.00961538461538	0.0141843971631
F1-REF	4	2	vsearch	1:0.99:0.99	k__Fungi;p__Ascomycota	k__Fungi;p__Ascomycota;c__Leotiomycetes;o__Leotiomycetes_ord_Incertae_sedis;f__Leotiomycetes_fam_Incertae_sedis	underclassification	2	0.027027027027	0.00961538461538	0.0141843971631
F1-REF	4	2	vsearch	1:0.99:0.99	k__Fungi;p__Ascomycota	k__Fungi;p__Ascomycota;c__Lecanoromycetes;o__Teloschistales;f__Megalosporaceae	underclassification	2	0.027027027027	0.00961538461538	0.0141843971631
F1-REF	4	2	vsearch	1:0.99:0.99	k__Fungi;p__Ascomycota;c__Sordariomycetes;o__Hypocreales	k__Fungi;p__Ascomycota;c__Dothideomycetes;o__Botryosphaeriales;f__Botryosphaeriaceae	misclassification	2	0.027027027027	0.00961538461538	0.0141843971631
F1-REF	4	2	vsearch	1:0.99:0.99	Unassigned	k__Fungi;p__Basidiomycota;c__Agaricomycetes;o__Boletales;f__Gomphidiaceae	underclassification	0	0.027027027027	0.00961538461538	0.0141843971631
F1-REF	4	2	vsearch	1:0.99:0.99	k__Fungi;p__Ascomycota;c__Sordariomycetes;o__Hypocreales	k__Fungi;p__Ascomycota;c__Leotiomycetes;o__Helotiales;f__Hyaloscyphaceae	misclassification	2	0.027027027027	0.00961538461538	0.0141843971631
F1-REF	4	2	vsearch	1:0.99:0.99	Unassigned	k__Fungi;p__Basidiomycota;c__Agaricomycetes;o__Agaricales;f__Typhulaceae	underclassification	0	0.027027027027	0.00961538461538	0.0141843971631
F1-REF	4	2	vsearch	1:0.99:0.99	k__Fungi;p__Ascomycota;c__Sordariomycetes;o__Ophiostomatales;f__Ophiostomataceae;g__Graphilbum;s__Graphilbum_rectangulosporium	k__Fungi;p__Ascomycota;c__Lecanoromycetes;o__Rhizocarpales;f__Catillariaceae	misclassification	2	0.027027027027	0.00961538461538	0.0141843971631
F1-REF	4	2	vsearch	1:0.99:0.99	k__Fungi;p__Ascomycota	k__Fungi;p__Ascomycota;c__Sordariomycetes;o__Xylariales;f__Amphisphaeriaceae	underclassification	2	0.027027027027	0.00961538461538	0.0141843971631
F1-REF	4	2	vsearch	1:0.99:0.99	k__Fungi;p__Ascomycota;c__Sordariomycetes;o__Ophiostomatales;f__Ophiostomataceae;g__Graphilbum;s__Graphilbum_rectangulosporium	k__Fungi;p__Ascomycota;c__Dothideomycetes;o__Pleosporales;f__Sporormiaceae	misclassification	2	0.027027027027	0.00961538461538	0.0141843971631
F1-REF	4	2	vsearch	1:0.99:0.99	Unassigned	k__Fungi;p__Basidiomycota;c__Agaricomycetes;o__Agaricales;f__Porotheleaceae	underclassification	0	0.027027027027	0.00961538461538	0.0141843971631
F1-REF	4	2	vsearch	1:0.99:0.99	k__Fungi;p__Ascomycota;c__Leotiomycetes;o__Helotiales;f__Vibrisseaceae;g__Phialocephala;s__Phialocephala_dimorphospora	k__Fungi;p__Ascomycota;c__Leotiomycetes;o__Helotiales;f__Dermateaceae	overclassification	4	0.027027027027	0.00961538461538	0.0141843971631
F1-REF	4	2	vsearch	1:0.99:0.99	k__Fungi;p__Ascomycota;c__Leotiomycetes;o__Helotiales;f__Vibrisseaceae;g__Phialocephala;s__Phialocephala_dimorphospora	k__Fungi;p__Ascomycota;c__Dothideomycetes;o__Capnodiales;f__Capnodiales_fam_Incertae_sedis	misclassification	2	0.027027027027	0.00961538461538	0.0141843971631
F1-REF	4	2	vsearch	1:0.99:0.99	Unassigned	k__Fungi;p__Zygomycota;c__Mucoromycotina_cls_Incertae_sedis;o__Mucorales;f__Umbelopsidaceae	underclassification	0	0.027027027027	0.00961538461538	0.0141843971631
F1-REF	4	2	vsearch	1:0.99:0.99	Unassigned	k__Fungi;p__Ascomycota;c__Sordariomycetes;o__Sordariomycetidae_ord_Incertae_sedis;f__Glomerellaceae	underclassification	0	0.027027027027	0.00961538461538	0.0141843971631
F1-REF	4	2	vsearch	1:0.99:0.99	k__Fungi;p__Basidiomycota;c__Microbotryomycetes;o__Microbotryales;f__Microbotryaceae;g__Microbotryum;s__Microbotryum_violaceum	k__Fungi;p__Basidiomycota;c__Agaricomycetes;o__Russulales;f__Lachnocladiaceae	misclassification	2	0.027027027027	0.00961538461538	0.0141843971631
F1-REF	4	2	vsearch	1:0.99:0.99	Unassigned	k__Fungi;p__Ascomycota;c__Saccharomycetes;o__Saccharomycetales;f__Debaryomycetaceae	underclassification	0	0.027027027027	0.00961538461538	0.0141843971631
F1-REF	4	2	vsearch	1:0.99:0.99	k__Fungi;p__Basidiomycota;c__Agaricomycetes;o__Polyporales;f__Fomitopsidaceae;g__Daedalea;s__Daedalea_circularis	k__Fungi;p__Basidiomycota;c__Agaricomycetes;o__Agaricales;f__Phelloriniaceae	misclassification	3	0.027027027027	0.00961538461538	0.0141843971631
F1-REF	4	2	vsearch	1:0.99:0.99	Unassigned	k__Fungi;p__Ascomycota;c__Sordariomycetes;o__Diaporthales;f__Cryphonectriaceae	underclassification	0	0.027027027027	0.00961538461538	0.0141843971631
F1-REF	4	2	vsearch	1:0.99:0.99	Unassigned	k__Fungi;p__Zygomycota;c__Mucoromycotina_cls_Incertae_sedis;o__Mucorales;f__Syncephalastraceae	underclassification	0	0.027027027027	0.00961538461538	0.0141843971631
F1-REF	4	2	vsearch	1:0.99:0.99	Unassigned	k__Fungi;p__Basidiomycota;c__Ustilaginomycetes;o__Urocystidales;f__Glomosporiaceae	underclassification	0	0.027027027027	0.00961538461538	0.0141843971631
F1-REF	4	2	vsearch	1:0.99:0.99	Unassigned	k__Fungi;p__Basidiomycota;c__Agaricomycetes;o__Polyporales;f__Lepidostromataceae	underclassification	0	0.027027027027	0.00961538461538	0.0141843971631
F1-REF	4	2	vsearch	1:0.99:0.99	k__Fungi;p__Ascomycota;c__Saccharomycetes;o__Saccharomycetales;f__Lipomycetaceae;g__Lipomyces;s__Lipomyces_spencermartinsiae	k__Fungi;p__Ascomycota;c__Saccharomycetes;o__Saccharomycetales;f__Trichomonascaceae	overclassification	4	0.027027027027	0.00961538461538	0.0141843971631
F1-REF	4	2	vsearch	1:0.99:0.99	k__Fungi;p__Ascomycota;c__Leotiomycetes;o__Helotiales;f__Vibrisseaceae;g__Phialocephala;s__Phialocephala_dimorphospora	k__Fungi;p__Ascomycota;c__Sordariomycetes;o__Xylariales;f__Graphostromataceae	misclassification	2	0.027027027027	0.00961538461538	0.0141843971631
F1-REF	4	2	vsearch	1:0.99:0.99	k__Fungi;p__Ascomycota;c__Sordariomycetes;o__Hypocreales;f__Ophiocordycipitaceae;g__Tolypocladium;s__Tolypocladium_pustulatum	k__Fungi;p__Ascomycota;c__Lecanoromycetes;o__Lecanorales;f__Lecanorales_fam_Incertae_sedis	misclassification	2	0.027027027027	0.00961538461538	0.0141843971631
F1-REF	4	2	vsearch	1:0.99:0.99	k__Fungi;p__Ascomycota;c__Sordariomycetes;o__Hypocreales;f__Ophiocordycipitaceae;g__Tolypocladium;s__Tolypocladium_pustulatum	k__Fungi;p__Ascomycota;c__Eurotiomycetes;o__Onygenales;f__Onygenales_fam_Incertae_sedis	misclassification	2	0.027027027027	0.00961538461538	0.0141843971631
F1-REF	4	2	vsearch	1:0.99:0.99	k__Fungi;p__Ascomycota	k__Fungi;p__Ascomycota;c__Leotiomycetes;o__Rhytismatales;f__Cudoniaceae	underclassification	2	0.027027027027	0.00961538461538	0.0141843971631
F1-REF	4	2	vsearch	1:0.99:0.99	k__Fungi;p__Ascomycota;c__Sordariomycetes;o__Hypocreales;f__Hypocreaceae;g__Trichoderma;s__Trichoderma_lixii	k__Fungi;p__Ascomycota;c__Lecanoromycetes;o__Lecanorales;f__Cladoniaceae	misclassification	2	0.027027027027	0.00961538461538	0.0141843971631
F1-REF	4	2	vsearch	1:0.99:0.99	k__Fungi;p__Ascomycota;c__Pezizomycetes;o__Pezizales;f__Tuberaceae;g__Tuber;s__Tuber_liaotongense	k__Fungi;p__Basidiomycota;c__Agaricomycetes;o__Russulales;f__Russulales_fam_Incertae_sedis	misclassification	1	0.027027027027	0.00961538461538	0.0141843971631
F1-REF	4	2	vsearch	1:0.99:0.99	k__Fungi;p__Basidiomycota;c__Agaricomycetes	k__Fungi;p__Basidiomycota;c__Tremellomycetes;o__Filobasidiales;f__Filobasidiaceae	misclassification	2	0.027027027027	0.00961538461538	0.0141843971631
F1-REF	4	2	vsearch	1:0.99:0.99	k__Fungi;p__Ascomycota;c__Sordariomycetes;o__Hypocreales;f__Hypocreales_fam_Incertae_sedis;g__Geosmithia;s__Geosmithia_sp	k__Fungi;p__Ascomycota;c__Eurotiomycetes;o__Chaetothyriales;f__Chaetothyriaceae	misclassification	2	0.027027027027	0.00961538461538	0.0141843971631
F1-REF	4	2	vsearch	1:0.99:0.99	k__Fungi;p__Basidiomycota;c__Agaricomycetes;o__Russulales	k__Fungi;p__Basidiomycota;c__Agaricomycetes;o__Russulales;f__Echinodontiaceae	match	4	0.027027027027	0.00961538461538	0.0141843971631
F1-REF	4	2	vsearch	1:0.99:0.99	Unassigned	k__Fungi;p__Ascomycota;c__Sordariomycetes;o__Sordariales;f__Sordariales_fam_Incertae_sedis	underclassification	0	0.027027027027	0.00961538461538	0.0141843971631
F1-REF	4	2	vsearch	1:0.99:0.99	k__Fungi;p__Ascomycota;c__Sordariomycetes;o__Hypocreales;f__Hypocreaceae;g__Trichoderma;s__Trichoderma_lixii	k__Fungi;p__Ascomycota;c__Pezizomycetes;o__Pezizales;f__Rhizinaceae	misclassification	2	0.027027027027	0.00961538461538	0.0141843971631
F1-REF	4	2	vsearch	1:0.99:0.99	Unassigned	k__Fungi;p__Basidiomycota;c__Agaricostilbomycetes;o__Agaricostilbales;f__Chionosphaeraceae	underclassification	0	0.027027027027	0.00961538461538	0.0141843971631
F1-REF	4	2	vsearch	1:0.99:0.99	k__Fungi	k__Fungi;p__Ascomycota;c__Dothideomycetes;o__Pleosporales;f__Cucurbitariaceae	underclassification	1	0.027027027027	0.00961538461538	0.0141843971631
F1-REF	4	2	vsearch	1:0.99:0.99	Unassigned	k__Fungi;p__Ascomycota;c__Dothideomycetes;o__Pleosporales;f__Lentitheciaceae	underclassification	0	0.027027027027	0.00961538461538	0.0141843971631
F1-REF	4	2	vsearch	1:0.99:0.99	k__Fungi;p__Ascomycota;c__Leotiomycetes;o__Helotiales;f__Vibrisseaceae;g__Phialocephala;s__Phialocephala_dimorphospora	k__Fungi;p__Ascomycota;c__Pezizomycetes;o__Pezizales;f__Pezizales_fam_Incertae_sedis	misclassification	2	0.027027027027	0.00961538461538	0.0141843971631
F1-REF	4	2	vsearch	1:0.99:0.99	k__Fungi;p__Ascomycota;c__Leotiomycetes;o__Helotiales;f__Vibrisseaceae;g__Phialocephala;s__Phialocephala_dimorphospora	k__Fungi;p__Ascomycota;c__Sordariomycetes;o__Diaporthales;f__Valsaceae	misclassification	2	0.027027027027	0.00961538461538	0.0141843971631
F1-REF	4	2	vsearch	1:0.99:0.99	Unassigned	k__Fungi;p__Zygomycota;c__Mucoromycotina_cls_Incertae_sedis;o__Mucorales;f__Mycotyphaceae	underclassification	0	0.027027027027	0.00961538461538	0.0141843971631
F1-REF	4	2	vsearch	1:0.99:0.99	k__Fungi;p__Basidiomycota;c__Tremellomycetes;o__Cystofilobasidiales;f__Cystofilobasidiaceae;g__Mrakia;s__Mrakia_aquatica	k__Fungi;p__Basidiomycota;c__Tremellomycetes;o__Cystofilobasidiales;f__Cystofilobasidiales_fam_Incertae_sedis	overclassification	4	0.027027027027	0.00961538461538	0.0141843971631
F1-REF	4	2	vsearch	1:0.99:0.99	k__Fungi;p__Basidiomycota;c__Agaricomycetes;o__Agaricales;f__Mycenaceae;g__Mycena;s__Mycena_rubromarginata	k__Fungi;p__Basidiomycota;c__Agaricomycetes;o__Boletales;f__Hygrophoropsidaceae	misclassification	3	0.027027027027	0.00961538461538	0.0141843971631
F1-REF	4	2	vsearch	1:0.99:0.99	k__Fungi;p__Ascomycota;c__Sordariomycetes;o__Hypocreales;f__Hypocreaceae;g__Trichoderma;s__Trichoderma_lixii	k__Fungi;p__Ascomycota;c__Lecanoromycetes;o__Lecanorales;f__Mycoblastaceae	misclassification	2	0.027027027027	0.00961538461538	0.0141843971631
F1-REF	4	2	vsearch	1:0.99:0.99	Unassigned	k__Fungi;p__Glomeromycota;c__Glomeromycetes;o__Diversisporales;f__Pacisporaceae	underclassification	0	0.027027027027	0.00961538461538	0.0141843971631
F1-REF	4	2	vsearch	1:0.99:0.99	Unassigned	k__Fungi;p__Basidiomycota;c__Agaricomycetes;o__Russulales;f__Stereaceae	underclassification	0	0.027027027027	0.00961538461538	0.0141843971631
F1-REF	4	2	vsearch	1:0.99:0.99	Unassigned	k__Fungi;p__Chytridiomycota;c__Chytridiomycetes;o__Rhizophydiales;f__Terramycetaceae	underclassification	0	0.027027027027	0.00961538461538	0.0141843971631
F1-REF	4	2	vsearch	1:0.99:0.99	Unassigned	k__Fungi;p__Ascomycota;c__Lecanoromycetes;o__Pertusariales;f__Pertusariaceae	underclassification	0	0.027027027027	0.00961538461538	0.0141843971631
F1-REF	4	2	vsearch	1:0.99:0.99	Unassigned	k__Fungi;p__Basidiomycota;c__Cystobasidiomycetes;o__Cystobasidiomycetes_ord_Incertae_sedis;f__Microsporomycetaceae	underclassification	0	0.027027027027	0.00961538461538	0.0141843971631
F1-REF	4	2	vsearch	1:0.99:0.99	k__Fungi;p__Ascomycota;c__Sordariomycetes;o__Hypocreales;f__Ophiocordycipitaceae;g__Tolypocladium;s__Tolypocladium_pustulatum	k__Fungi;p__Ascomycota;c__Dothideomycetes;o__Dothideales;f__Dothideales_fam_Incertae_sedis	misclassification	2	0.027027027027	0.00961538461538	0.0141843971631
F1-REF	4	2	vsearch	1:0.99:0.99	Unassigned	k__Fungi;p__Ascomycota;c__Sordariomycetes;o__Phyllachorales;f__Phaeochoraceae	underclassification	0	0.027027027027	0.00961538461538	0.0141843971631
F1-REF	4	2	vsearch	1:0.99:0.99	k__Fungi;p__Ascomycota;c__Sordariomycetes;o__Hypocreales;f__Ophiocordycipitaceae;g__Tolypocladium;s__Tolypocladium_pustulatum	k__Fungi;p__Ascomycota;c__Lecanoromycetes;o__Ostropales;f__Odontotremataceae	misclassification	2	0.027027027027	0.00961538461538	0.0141843971631
F1-REF	4	2	vsearch	1:0.99:0.99	k__Fungi;p__Ascomycota;c__Sordariomycetes;o__Hypocreales;f__Hypocreaceae;g__Trichoderma;s__Trichoderma_lixii	k__Fungi;p__Ascomycota;c__Dothideomycetes;o__Dothideomycetidae_ord_Incertae_sedis;f__Eremomycetaceae	misclassification	2	0.027027027027	0.00961538461538	0.0141843971631
F1-REF	4	2	vsearch	1:0.99:0.99	Unassigned	k__Fungi;p__Basidiomycota;c__Agaricomycetes;o__Russulales;f__Stephanosporaceae	underclassification	0	0.027027027027	0.00961538461538	0.0141843971631
F1-REF	4	2	vsearch	1:0.99:0.99	Unassigned	k__Fungi;p__Ascomycota;c__Lecanoromycetes;o__Lecanorales;f__Haematommataceae	underclassification	0	0.027027027027	0.00961538461538	0.0141843971631
F1-REF	4	2	vsearch	1:0.99:0.99	Unassigned	k__Fungi;p__Chytridiomycota;c__Chytridiomycetes;o__Chytridiales;f__Chytriomycetaceae	underclassification	0	0.027027027027	0.00961538461538	0.0141843971631
F1-REF	4	2	vsearch	1:0.99:0.99	k__Fungi	k__Fungi;p__Ascomycota;c__Dothideomycetes;o__Pleosporales;f__Pleomassariaceae	underclassification	1	0.027027027027	0.00961538461538	0.0141843971631
F1-REF	4	2	vsearch	1:0.99:0.99	k__Fungi;p__Ascomycota	k__Fungi;p__Ascomycota;c__Lecanoromycetes;o__Lecideales;f__Porpidiaceae	underclassification	2	0.027027027027	0.00961538461538	0.0141843971631
F1-REF	4	2	vsearch	1:0.99:0.99	Unassigned	k__Fungi;p__Zygomycota;c__Mucoromycotina_cls_Incertae_sedis;o__Mucorales;f__Phycomycetaceae	underclassification	0	0.027027027027	0.00961538461538	0.0141843971631
F1-REF	4	2	vsearch	1:0.99:0.99	Unassigned	k__Fungi;p__Basidiomycota;c__Pucciniomycetes;o__Pucciniales;f__Pileolariaceae	underclassification	0	0.027027027027	0.00961538461538	0.0141843971631
F1-REF	4	2	vsearch	1:0.99:0.99	Unassigned	k__Fungi;p__Basidiomycota;c__Ustilaginomycetes;o__Ustilaginales;f__Anthracoideaceae	underclassification	0	0.027027027027	0.00961538461538	0.0141843971631
F1-REF	4	2	vsearch	1:0.99:0.99	k__Fungi;p__Ascomycota;c__Sordariomycetes;o__Hypocreales;f__Ophiocordycipitaceae;g__Tolypocladium;s__Tolypocladium_pustulatum	k__Fungi;p__Basidiomycota;c__Tremellomycetes;o__Tremellales;f__Sirobasidiaceae	misclassification	1	0.027027027027	0.00961538461538	0.0141843971631
F1-REF	4	2	vsearch	1:0.99:0.99	Unassigned	k__Fungi;p__Basidiomycota;c__Ustilaginomycetes;o__Urocystidales;f__Fereydouniaceae	underclassification	0	0.027027027027	0.00961538461538	0.0141843971631
F1-REF	4	2	vsearch	1:0.99:0.99	k__Fungi	k__Fungi;p__Ascomycota;c__Lecanoromycetes;o__Ostropales;f__Porinaceae	underclassification	1	0.027027027027	0.00961538461538	0.0141843971631
F1-REF	4	2	vsearch	1:0.99:0.99	k__Fungi;p__Ascomycota	k__Fungi;p__Ascomycota;c__Dothideomycetes;o__Hysteriales;f__Hysteriaceae	underclassification	2	0.027027027027	0.00961538461538	0.0141843971631
F1-REF	4	2	vsearch	1:0.99:0.99	Unassigned	k__Fungi;p__Ascomycota;c__Saccharomycetes;o__Saccharomycetales;f__Phaffomycetaceae	underclassification	0	0.027027027027	0.00961538461538	0.0141843971631